B = 588: edges left after arc consistency: 67, primes: 16
  search nodes: 22889296, sets with integral reciprocal sum: 0  (17969 ms)
  of these with sum exactly 1: 0
B = 589: edges left after arc consistency: 68, primes: 16
  search nodes: 45683780, sets with integral reciprocal sum: 3  (37256 ms)
  of these with sum exactly 1: 3
    |T| = 53, max T = 589: 6 10 14 15 21 22 26 33 34 35 38 39 46 51 55 57 58 65 69 77 82 85 91 93 95 106 118 119 123 129 143 145 155 159 161 187 203 213 247 265 287 295 299 341 355 403 413 473 493 497 559 583 589
    |T| = 51, max T = 589: 6 10 14 15 21 22 26 33 34 35 38 39 46 51 55 57 58 62 65 69 77 82 85 91 93 95 106 119 123 129 143 145 159 161 187 203 213 217 247 265 287 299 341 355 403 473 493 497 559 583 589
    |T| = 52, max T = 589: 6 10 14 15 21 22 26 33 34 35 38 39 46 51 55 57 62 65 69 77 82 85 87 91 93 95 106 115 118 119 123 129 145 159 203 217 221 247 265 287 295 299 319 341 377 391 403 413 473 559 583 589
  smallest max T within the bound: 589
