6
10
14
15
21
22
26
33
34
35
38
39
46
51
55
57
58
62
65
74
77
82
85
86
87
91
93
94
95
106
111
118
119
122
123
129
133
134
141
142
143
146
155
158
159
161
166
177
183
185
187
194
201
202
203
205
206
213
214
215
217
218
219
226
235
237
247
249
254
262
265
267
278
287
295
298
299
301
302
303
305
309
314
319
321
323
326
327
329
334
335
339
346
355
358
362
365
377
381
382
386
391
393
394
395
398
407
411
413
415
417
422
427
445
446
447
451
453
454
458
466
469
471
478
481
482
485
489
493
497
501
502
505
511
514
515
517
519
526
527
533
535
537
538
542
543
545
553
554
559
562
565
566
573
579
581
583
589
591
597
611
614
622
623
626
629
633
634
635
649
655
662
667
669
671
674
679
681
685
687
689
694
695
697
698
699
703
706
707
713
717
718
721
723
731
734
737
745
746
749
753
755
758
763
766
767
771
778
779
781
785
789
791
793
794
799
802
803
807
813
817
818
831
835
838
842
843
849
851
862
865
866
869
871
878
879
886
889
893
895
898
899
901
905
913
914
917
921
922
923
926
933
934
939
943
951
955
958
959
965
974
979
982
985
989
993
995
998
1003
1006
1007
1011
1018
1027
1037
1041
1042
1043
1046
1047
1055
1057
1059
1067
1073
1077
1079
1081
1082
1099
1101
1114
1115
1119
1126
1133
1135
1137
1138
1139
1141
1142
1145
1149
1154
1157
1159
1165
1167
1169
1174
1177
1186
1189
1191
1195
1198
1199
1202
1203
1205
1207
1211
1214
1226
1227
1234
1238
1241
1243
1247
1253
1255
1257
1261
1262
1263
1267
1271
1273
1282
1285
1286
1293
1294
1299
1306
1313
1315
1317
1318
1322
1329
1333
1337
1339
1343
1346
1349
1351
1354
1355
1363
1366
1371
1379
1382
1383
1385
1387
1389
1391
1393
1397
1401
1402
1403
1405
1411
1415
1417
1418
1437
1438
1441
1454
1461
1465
1466
1469
1473
1477
1478
1486
1497
1501
1502
1507
1509
1513
1514
1517
1522
1527
1529
1535
1537
1538
1546
1555
1561
1563
1565
1569
1574
1577
1585
1589
1591
1594
1603
1618
1622
1623
1631
1633
1639
1641
1642
1643
1646
1649
1651
1654
1655
1658
1661
1671
1673
1678
1679
1685
1687
1689
1691
1703
1706
1707
1711
1713
1714
1717
1718
1726
1727
1731
1735
1739
1745
1751
1754
1757
1761
1762
1763
1765
1766
1769
1774
1779
1781
1793
1795
1797
1799
1803
1807
1814
1819
1821
1822
1829
1835
1837
1838
1839
1841
1843
1851
1853
1857
1858
1865
1874
1882
1883
1891
1893
1894
1895
1897
1903
1906
1909
1915
1921
1923
1927
1929
1934
1937
1939
1941
1942
1943
1945
1954
1957
1959
1961
1963
1966
1967
1969
1977
1981
1982
1983
1985
1991
1994
2005
2018
2019
2021
2026
2031
2033
2038
2041
2042
2045
2047
2049
2051
2059
2062
2066
2071
2073
2077
2078
2095
2098
2101
2102
2103
2105
2117
2119
2122
2123
2126
2127
2138
2147
2149
2155
2157
2159
2165
2167
2171
2173
2174
2177
2181
2182
2183
2186
2189
2191
2194
2195
2199
2206
2215
2217
2218
2219
2227
2229
2231
2234
2245
2246
2249
2253
2257
2258
2263
2271
2279
2283
2285
2291
2302
2305
2306
2307
2315
2317
2319
2321
2323
2326
2327
2329
2335
2342
2353
2359
2361
2362
2363
2369
2374
2386
2391
2395
2402
2407
2419
2426
2427
2429
2433
2434
2435
2443
2446
2449
2453
2455
2458
2461
2462
2463
2469
2471
2474
2479
2481
2483
2487
2489
2491
2495
2497
2498
2501
2507
2509
2513
2515
2517
2518
2519
2533
2537
2545
2554
2558
2559
2561
2563
2566
2567
2569
2571
2573
2577
2578
2581
2582
2587
2589
2594
2599
2602
2603
2605
2606
2611
2614
2615
2623
2627
2629
2631
2638
2641
2642
2643
2649
2651
2653
2654
2661
2669
2681
2705
2721
2722
2723
2733
2734
2735
2746
2747
2757
2759
2761
2762
2771
2773
2779
2785
2787
2798
2807
2811
2813
2815
2818
2823
2827
2831
2839
2841
2845
2846
2854
2855
2858
2859
2863
2866
2867
2869
2878
2881
2885
2893
2894
2899
2901
2902
2906
2911
2913
2918
2923
2929
2931
2933
2935
2941
2942
2947
2949
2951
2959
2962
2965
2966
2973
2974
2977
2978
2981
2983
2986
2987
2991
2993
2995
2998
3005
3007
3013
3017
3027
3029
3031
3035
3039
3043
3047
3053
3057
3063
3065
3073
3077
3085
3091
3093
3095
3097
3099
3101
3103
3107
3113
3117
3127
3131
3133
3139
3143
3147
3149
3151
3153
3161
3173
3183
3189
3193
3197
3199
3205
3207
3215
3223
3227
3235
3239
3241
3247
3261
3265
3269
3273
3277
3279
3281
3287
3291
3293
3295
3305
3309
3317
3327
3337
3341
3349
3351
3353
3365
3369
3377
3379
3383
3385
3387
3397
3401
3409
3415
3419
3421
3427
3431
3437
3439
3443
3453
3455
3459
3473
3487
3489
3493
3497
3503
3505
3513
3521
3523
3543
3545
3551
3561
3563
3569
3587
3589
3595
3599
3601
3603
3611
3629
3635
3639
3641
3647
3651
3653
3661
3665
3667
3669
3679
3683
3687
3693
3695
3707
3711
3713
3715
3737
3747
3749
3755
3763
3777
3781
3785
3787
3791
3799
3805
3809
3827
3829
3831
3837
3839
3841
3845
3849
3859
3865
3867
3869
3873
3883
3891
3893
3899
3901
3903
3909
3921
3935
3937
3941
3949
3953
3957
3959
3961
3963
3973
3977
3979
3981
3983
3985
3991
3997
4009
4031
4033
4037
4039
4043
4045
4055
4061
4063
4069
4083
4087
4097
4101
4103
4105
4109
4115
4117
4119
4121
4135
4141
4143
4145
4151
4163
4169
4171
4181
4183
4189
4193
4195
4197
4207
4213
4223
4227
4237
4247
4249
4265
4267
4269
4279
4281
4285
4287
4291
4295
4299
4303
4307
4309
4313
4315
4317
4319
4321
4331
4333
4341
4343
4351
4353
4359
4367
4369
4377
4379
4381
4385
4387
4393
4399
4405
4411
4413
4415
4417
4427
4429
4435
4439
4443
4449
4453
4461
4467
4469
4471
4479
4487
4497
4499
4501
4511
4529
4531
4535
4537
4541
4555
4559
4571
4573
4579
4589
4595
4607
4613
4619
4627
4631
4633
4645
4661
4667
4681
4685
4687
4699
4705
4709
4711
4717
4727
4735
4739
4741
4747
4757
4765
4769
4771
4777
4781
4811
4819
4829
4835
4837
4841
4843
4847
4849
4853
4855
4867
4873
4883
4885
4891
4897
4907
4915
4939
4955
4963
4979
4981
4985
4997
5017
5027
5029
5033
5045
5053
5057
5063
5065
5069
5071
5089
5093
5095
5105
5111
5123
5129
5131
5137
5141
5143
5149
5155
5161
5165
5173
5177
5183
5191
5195
5201
5207
5213
5219
5221
5245
5249
5251
5255
5257
5263
5267
5269
5287
5293
5299
5305
5311
5315
5317
5321
5327
5339
5345
5353
5357
5359
5363
5377
5383
5389
5401
5411
5429
5435
5447
5455
5459
5461
5465
5473
5485
5489
5497
5509
5513
5533
5539
5543
5545
5549
5561
5567
5579
5585
5587
5597
5599
5603
5609
5611
5615
5617
5627
5629
5633
5645
5663
5671
5677
5699
5707
5713
5723
5729
5731
5747
5753
5755
5759
5761
5765
5767
5771
5773
5777
5789
5803
5809
5815
5833
5837
5855
5873
5891
5893
5899
5905
5909
5911
5917
5921
5933
5935
5941
5947
5951
5959
5963
5965
5969
5971
5977
5983
5989
5993
5999
6001
6005
6013
6017
6019
6023
6031
6041
6049
6059
6065
6071
6077
6085
6103
6107
6109
6115
6119
6127
6139
6145
6155
6157
6161
6167
6169
6179
6181
6185
6187
6191
6193
6209
6227
6233
6239
6245
6259
6281
6283
6289
6295
6313
6319
6331
6341
6347
6349
6371
6377
6383
6385
6395
6401
6403
6407
6415
6431
6433
6437
6439
6443
6445
6455
6457
6463
6485
6487
6493
6497
6499
6503
6505
6509
6511
6515
6523
6527
6533
6535
6539
6541
6557
6559
6583
6587
6589
6593
6595
6605
6611
6613
6617
6623
6629
6631
6635
6641
6649
6671
6677
6683
6697
6707
6731
6739
6743
6749
6751
6757
6767
6769
6773
6787
6797
6799
6805
6809
6817
6821
6835
6839
6847
6865
6881
6887
6893
6901
6905
6913
6931
6937
6941
6943
6953
6973
6979
6989
6995
7003
7009
7031
7033
7037
7045
7051
7061
7063
7067
7073
7081
7087
7091
7093
7097
7099
7111
7115
7117
7123
7133
7135
7141
7145
7147
7157
7165
7171
7181
7183
7195
7199
7201
7217
7223
7231
7235
7241
7249
7255
7261
7265
7271
7273
7277
7279
7289
7291
7295
7303
7313
7319
7327
7339
7343
7355
7357
7361
7363
7367
7373
7379
7387
7391
7397
7403
7405
7409
7415
7421
7423
7427
7435
7439
7441
7445
7453
7463
7465
7471
7483
7493
7495
7501
7513
7519
7531
7543
7571
7597
7601
7609
7613
7619
7627
7631
7633
7637
7651
7661
7663
7679
7697
7709
7711
7721
7729
7739
7747
7751
7763
7769
7771
7781
7783
7787
7799
7801
7807
7811
7813
7819
7831
7837
7849
7861
7871
7891
7903
7909
7913
7939
7957
7961
7967
7969
7979
7981
7991
7997
7999
8003
8021
8023
8027
8033
8047
8057
8063
8071
8077
8083
8119
8129
8131
8137
8141
8143
8149
8153
8159
8189
8197
8201
8203
8207
8227
8249
8251
8257
8261
8267
8279
8299
8309
8321
8327
8339
8341
8347
8351
8357
8359
8371
8383
8399
8401
8407
8411
8413
8417
8441
8453
8459
8471
8473
8479
8483
8489
8491
8497
8503
8509
8519
8531
8549
8551
8557
8561
8567
8579
8587
8593
8603
8611
8617
8621
8633
8639
8651
8653
8657
8659
8683
8711
8717
8743
8749
8759
8767
8777
8791
8797
8801
8809
8813
8843
8851
8857
8873
8881
8891
8899
8903
8909
8917
8921
8927
8939
8947
8953
8977
8981
8989
9017
9019
9023
9031
9037
9047
9053
9071
9073
9079
9083
9089
9097
9101
9107
9113
9119
9121
9131
9143
9149
9167
9169
9179
9193
9197
9211
9217
9223
9229
9233
9247
9253
9259
9263
9271
9287
9289
9299
9301
9307
9313
9329
9347
9353
9379
9383
9407
9427
9449
9451
9469
9487
9493
9509
9517
9523
9527
9529
9553
9557
9563
9569
9571
9577
9589
9593
9599
9607
9611
9617
9637
9641
9647
9659
9667
9671
9673
9683
9691
9701
9703
9707
9713
9727
9731
9757
9761
9763
9773
9793
9797
9799
9809
9827
9841
9847
9853
9863
9869
9881
9893
9899
9913
9917
9937
9943
9953
9959
9961
9977
9979
9983
9989
9991
9997
10001
10003
10019
10021
10027
10031
10033
10049
10057
10063
10073
10081
10097
10109
10117
10121
10123
10129
10147
10157
10171
10183
10187
10189
10207
10213
10217
10219
10231
10237
10249
10261
10277
10279
10291
10297
10307
10319
10327
10349
10351
10361
10363
10367
10379
10381
10393
10397
10403
10409
10411
10417
10421
10423
10441
10447
10451
10471
10481
10483
10489
10493
10511
10517
10519
10523
10537
10541
10543
10547
10553
10561
10573
10579
10583
10603
10637
10643
10649
10669
10673
10679
10681
10697
10699
10727
10741
10747
10751
10757
10763
10777
10783
10793
10807
10811
10813
10817
10819
10823
10841
10849
10873
10877
10897
10901
10907
10919
10921
10931
10943
10951
10961
11227
11371
12059
13303
13319
13369
13483
13667
13939
13973
14123
14171
14299
14459
14863
15019
15833
15941
16357
16571
17953
18631
18827
18989
20203
20303
20381
21653
22219
22657
22873
23077
25049
26051
26623
26671
27221
28993
29177
29353
29987
30083
31243
31363
31417
31439
32863
33001
34169
34577
34933
34987
35501
35821
36089
38761
40067
40247
40553
40567
40951
41827
42173
42277
43243
43429
44713
45371
46043
47263
47813
48233
48287
51959
53033
53579
53869
55481
58291
58469
58801
59837
59963
60023
60799
60959
62329
63757
64517
64913
65077
68911
69131
69451
70871
71629
71749
72581
75287
77887
78053
78599
78899
80867
81791
82993
83779
84587
85727
86407
86519
86953
87233
88181
89183
89701
90143
90929
91877
91879
93883
94021
95647
96403
98521
98551
99299
100531
104339
105223
105571
105851
106399
109061
110137
115097
116003
117083
117493
117581
119309
119893
126389
127697
128251
130133
144257
145247
150173
156367
167579
168137
169231
173479
174371
178237
180841
182213
186079
195409
198773
204559
205571
208027
208823
217381
218587
221777
222083
226489
229513
233099
233531
235247
238961
240817
241837
247217
249791
253087
255509
255611
256507
257087
262793
272633
274913
276691
277811
282259
282263
288221
289483
292687
292967
294137
295303
296339
299141
302893
305117
305827
307807
312079
312491
320813
321161
321263
324803
324937
327991
332173
332957
333797
334879
335773
342689
352307
366319
367463
370289
373601
386209
393179
408257
416777
419971
434543
434767
441211
445243
456919
457741
462127
462317
481543
487511
491047
496759
497503
517031
527521
537701
542743
543577
545323
558697
560743
571033
576047
583507
588701
596951
607657
625249
635627
645349
659369
663457
704471
708613
736451
739159
739913
746927
747491
749251
750187
755407
756337
756643
768283
789233
794611
801523
810613
816281
819551
826219
829891
842629
850037
870053
872299
872869
881129
904279
934987
935083
938137
978559
982411
1014443
1039559
1063801
1073543
1077211
1079479
1080239
1085683
1094369
1113767
1117213
1121683
1123937
1125749
1175171
1199339
1254809
1277701
1280879
1282927
1311413
1315033
1333001
1333349
1377647
1410121
1417187
1445819
1449109
1494949
1506437
1520273
1522099
1571891
1661377
1666537
1671841
1713337
1728239
1795159
1806157
1847819
1858471
2073431
2086729
