cores 22382 solutions 23 unresolved cores 0
47 6 10 14 15 21 22 26 33 34 35 38 39 46 51 55 57 58 62 65 69 74 77 82 85 87 91 93 95 111 115 119 123 133 143 145 155 203 219 221 287 299 391 481 1299 2117 16021 31609
47 6 10 14 15 21 22 26 33 34 35 38 39 46 51 55 57 58 62 65 69 74 77 82 85 87 91 93 95 111 115 119 123 133 143 155 185 203 221 287 299 319 391 407 481 933 1555 11507
47 6 10 14 15 21 22 26 33 34 35 38 39 46 51 55 57 58 62 65 69 74 77 82 85 87 91 93 95 111 115 119 123 133 145 155 161 187 221 253 259 287 407 629 667 1509 6539 14587
47 6 10 14 15 21 22 26 33 34 35 38 39 46 51 55 57 58 62 65 69 74 77 82 85 87 91 93 95 115 119 123 129 133 143 145 155 187 213 221 287 301 559 629 781 1247 1591 1633
47 6 10 14 15 21 22 26 33 34 35 38 39 46 51 55 57 58 62 65 69 74 77 82 86 87 91 93 95 106 111 115 123 133 155 159 161 185 203 215 253 265 583 667 731 109591 139823 154939
47 6 10 14 15 21 22 26 33 34 35 38 39 46 51 55 57 58 62 65 69 74 77 82 86 91 93 95 111 119 122 123 133 143 145 155 161 183 187 259 287 299 319 473 481 559 671 1591
47 6 10 14 15 21 22 26 33 34 35 38 39 46 51 55 57 58 62 65 69 74 77 85 86 87 91 93 94 95 111 115 119 133 141 142 145 155 187 213 517 629 799 1247 1591 1633 2021 2627
47 6 10 14 15 21 22 26 33 34 35 38 39 46 51 55 57 58 62 65 69 74 77 86 87 91 93 94 95 111 115 118 119 129 133 145 155 161 185 187 329 517 667 851 1073 1357 1363 2537
47 6 10 14 15 21 22 26 33 34 35 38 39 46 51 55 57 58 62 65 69 74 82 85 86 87 91 93 95 106 111 123 133 145 155 159 185 203 215 253 265 287 319 493 583 731 851 1073
47 6 10 14 15 21 22 26 33 34 35 38 39 46 51 55 57 58 62 65 69 77 82 85 86 87 91 93 94 95 111 115 119 133 141 142 155 187 205 213 235 493 517 1363 1633 1763 1927 2627
47 6 10 14 15 21 22 26 33 34 35 38 39 46 51 55 57 58 62 65 69 77 82 85 86 87 91 93 94 95 115 118 119 123 129 133 141 155 203 287 319 391 799 1345 1357 2537 2959 12643
47 6 10 14 15 21 22 26 33 34 35 38 39 46 51 55 57 58 62 65 69 77 82 85 86 87 91 93 94 95 115 118 119 123 133 143 145 155 203 221 287 391 559 1357 2537 12209 18103 19787
47 6 10 14 15 21 22 26 33 34 35 38 39 46 51 55 57 58 62 65 69 77 82 85 86 87 91 93 94 95 115 119 123 129 133 141 142 145 155 187 517 799 1207 1247 1633 1763 2021 2911
47 6 10 14 15 21 22 26 33 34 35 38 39 46 51 55 57 58 62 65 69 77 82 85 86 87 91 93 94 95 118 119 123 129 133 155 161 187 213 287 329 355 493 497 517 1357 1363 2537
47 6 10 14 15 21 22 26 33 34 35 38 39 46 51 55 57 58 62 65 69 77 82 85 86 87 91 93 94 95 118 119 123 133 145 155 161 187 203 215 287 329 493 517 1247 1357 1363 2537
47 6 10 14 15 21 22 26 33 34 35 38 39 46 51 55 57 58 62 65 69 77 82 85 86 87 93 94 95 115 118 119 123 129 133 141 143 145 155 287 377 391 551 799 893 1357 1363 2537
47 6 10 14 15 21 22 26 33 34 35 38 39 46 51 55 57 58 62 65 69 77 82 85 86 87 93 94 95 115 118 119 123 129 133 143 145 155 177 287 299 391 551 611 799 893 1711 2537
47 6 10 14 15 21 22 26 33 34 35 38 39 46 51 55 57 58 62 65 69 77 82 85 86 91 93 94 95 115 119 123 133 141 142 143 155 203 221 235 287 299 355 377 391 559 2021 2059
47 6 10 14 15 21 22 26 33 34 35 38 39 46 51 55 57 58 62 65 69 77 82 85 87 91 93 94 95 111 115 118 119 123 133 142 155 187 213 287 295 329 413 493 517 1363 1633 2627
47 6 10 14 15 21 22 26 33 34 35 38 39 46 51 55 57 58 62 65 69 77 82 86 87 91 93 94 95 118 119 123 129 133 145 155 161 177 187 203 287 299 329 377 517 1363 1711 2537
47 6 10 14 15 21 22 26 33 34 35 38 39 46 51 55 57 58 62 65 69 77 82 86 91 93 94 95 111 115 119 123 133 141 142 143 145 155 203 213 221 235 287 493 559 1633 2021 2627
47 6 10 14 15 21 22 26 33 34 35 38 39 46 51 55 57 58 62 65 69 77 82 87 91 93 95 106 111 115 119 122 123 133 142 155 159 183 187 203 213 265 287 319 583 671 1633 2627
47 6 10 14 15 21 22 26 33 34 35 38 39 46 51 55 57 58 62 65 74 77 82 85 87 91 93 95 111 115 119 123 129 133 143 145 155 161 221 253 259 287 299 391 473 481 1247 1591
