Sat Sep 26 06:44:06 UTC 2026
=== Part 1: size lemma ===
H_47 (sum of the reciprocals of the 47 smallest elements of P) < 1.064080 ; exact check H_47 < 2: yes
=> every 47-element T has 0 < sum < 2, so 'sum = 1' <=> 'sum is an integer' <=> (*) at every prime

=== Self test: completion routine on planted big-prime structures ===
core of size 44, |U| = 3: 1 completion(s): { 109591 139823 154939 }
planted component 2*193, 11*191, 13*191, 191*193: 2 completion(s): { 382 2101 2483 } { 386 2101 2483 36863 }
  planted structure recovered: yes

=== Part 2: exhaustive search (S = primes <= 73, |C| + |U| <= 47) ===
threads = 4
largest possible star (neighbours of one big prime): 11
search nodes           : 1795181713099
cores passing Step 1   : 22382 (of which |C|+|U| = 47: 11287)
completion shapes      : 1107702 tried, 8049 pass parity+value (in 7432 cores), 125 candidate stars
unresolved cores       : 0
probable (not proven) primes used: 0
elapsed: 20898 s

=== Part 3: the solutions, each verified with exact rational arithmetic ===
#1   OK  |T|=47: 6 10 14 15 21 22 26 33 34 35 38 39 46 51 55 57 58 62 65 69 74 77 82 85 87 91 93 95 111 115 119 123 133 143 145 155 203 219 221 287 299 391 481 1299 2117 16021 31609
#2   OK  |T|=47: 6 10 14 15 21 22 26 33 34 35 38 39 46 51 55 57 58 62 65 69 74 77 82 85 87 91 93 95 111 115 119 123 133 143 155 185 203 221 287 299 319 391 407 481 933 1555 11507
#3   OK  |T|=47: 6 10 14 15 21 22 26 33 34 35 38 39 46 51 55 57 58 62 65 69 74 77 82 85 87 91 93 95 111 115 119 123 133 145 155 161 187 221 253 259 287 407 629 667 1509 6539 14587
#4   OK  |T|=47: 6 10 14 15 21 22 26 33 34 35 38 39 46 51 55 57 58 62 65 69 74 77 82 85 87 91 93 95 115 119 123 129 133 143 145 155 187 213 221 287 301 559 629 781 1247 1591 1633
#5   OK  |T|=47: 6 10 14 15 21 22 26 33 34 35 38 39 46 51 55 57 58 62 65 69 74 77 82 86 87 91 93 95 106 111 115 123 133 155 159 161 185 203 215 253 265 583 667 731 109591 139823 154939
#6   OK  |T|=47: 6 10 14 15 21 22 26 33 34 35 38 39 46 51 55 57 58 62 65 69 74 77 82 86 91 93 95 111 119 122 123 133 143 145 155 161 183 187 259 287 299 319 473 481 559 671 1591
#7   OK  |T|=47: 6 10 14 15 21 22 26 33 34 35 38 39 46 51 55 57 58 62 65 69 74 77 85 86 87 91 93 94 95 111 115 119 133 141 142 145 155 187 213 517 629 799 1247 1591 1633 2021 2627
#8   OK  |T|=47: 6 10 14 15 21 22 26 33 34 35 38 39 46 51 55 57 58 62 65 69 74 77 86 87 91 93 94 95 111 115 118 119 129 133 145 155 161 185 187 329 517 667 851 1073 1357 1363 2537
#9   OK  |T|=47: 6 10 14 15 21 22 26 33 34 35 38 39 46 51 55 57 58 62 65 69 74 82 85 86 87 91 93 95 106 111 123 133 145 155 159 185 203 215 253 265 287 319 493 583 731 851 1073
#10  OK  |T|=47: 6 10 14 15 21 22 26 33 34 35 38 39 46 51 55 57 58 62 65 69 77 82 85 86 87 91 93 94 95 111 115 119 133 141 142 155 187 205 213 235 493 517 1363 1633 1763 1927 2627
#11  OK  |T|=47: 6 10 14 15 21 22 26 33 34 35 38 39 46 51 55 57 58 62 65 69 77 82 85 86 87 91 93 94 95 115 118 119 123 129 133 141 155 203 287 319 391 799 1345 1357 2537 2959 12643
#12  OK  |T|=47: 6 10 14 15 21 22 26 33 34 35 38 39 46 51 55 57 58 62 65 69 77 82 85 86 87 91 93 94 95 115 118 119 123 133 143 145 155 203 221 287 391 559 1357 2537 12209 18103 19787
#13  OK  |T|=47: 6 10 14 15 21 22 26 33 34 35 38 39 46 51 55 57 58 62 65 69 77 82 85 86 87 91 93 94 95 115 119 123 129 133 141 142 145 155 187 517 799 1207 1247 1633 1763 2021 2911
#14  OK  |T|=47: 6 10 14 15 21 22 26 33 34 35 38 39 46 51 55 57 58 62 65 69 77 82 85 86 87 91 93 94 95 118 119 123 129 133 155 161 187 213 287 329 355 493 497 517 1357 1363 2537
#15  OK  |T|=47: 6 10 14 15 21 22 26 33 34 35 38 39 46 51 55 57 58 62 65 69 77 82 85 86 87 91 93 94 95 118 119 123 133 145 155 161 187 203 215 287 329 493 517 1247 1357 1363 2537
#16  OK  |T|=47: 6 10 14 15 21 22 26 33 34 35 38 39 46 51 55 57 58 62 65 69 77 82 85 86 87 93 94 95 115 118 119 123 129 133 141 143 145 155 287 377 391 551 799 893 1357 1363 2537
#17  OK  |T|=47: 6 10 14 15 21 22 26 33 34 35 38 39 46 51 55 57 58 62 65 69 77 82 85 86 87 93 94 95 115 118 119 123 129 133 143 145 155 177 287 299 391 551 611 799 893 1711 2537
#18  OK  |T|=47: 6 10 14 15 21 22 26 33 34 35 38 39 46 51 55 57 58 62 65 69 77 82 85 86 91 93 94 95 115 119 123 133 141 142 143 155 203 221 235 287 299 355 377 391 559 2021 2059
#19  OK  |T|=47: 6 10 14 15 21 22 26 33 34 35 38 39 46 51 55 57 58 62 65 69 77 82 85 87 91 93 94 95 111 115 118 119 123 133 142 155 187 213 287 295 329 413 493 517 1363 1633 2627
#20  OK  |T|=47: 6 10 14 15 21 22 26 33 34 35 38 39 46 51 55 57 58 62 65 69 77 82 86 87 91 93 94 95 118 119 123 129 133 145 155 161 177 187 203 287 299 329 377 517 1363 1711 2537
#21  OK  |T|=47: 6 10 14 15 21 22 26 33 34 35 38 39 46 51 55 57 58 62 65 69 77 82 86 91 93 94 95 111 115 119 123 133 141 142 143 145 155 203 213 221 235 287 493 559 1633 2021 2627
#22  OK  |T|=47: 6 10 14 15 21 22 26 33 34 35 38 39 46 51 55 57 58 62 65 69 77 82 87 91 93 95 106 111 115 119 122 123 133 142 155 159 183 187 203 213 265 287 319 583 671 1633 2627
#23  OK  |T|=47: 6 10 14 15 21 22 26 33 34 35 38 39 46 51 55 57 58 62 65 74 77 82 85 87 91 93 95 111 115 119 123 129 133 143 145 155 161 221 253 259 287 299 391 473 481 1247 1591

=== RESULT ===
number of 47-element subsets T of P with sum 1/n = 1: 23 (all 23 verified exactly)
The list is complete: every 47-element T with reciprocal sum 1 is listed above.
total elapsed: 20898 s

real	348m18.372s
user	1248m19.466s
sys	0m7.579s
Sat Sep 26 12:32:24 UTC 2026
