# A030659 (b-file synthesized from sequence entry)
3 6
4 12
5 15
6 15
7 18
8 20
9 24
10 24
11 28
12 30
13 33
14 33
15 35
16 36
17 40
18 42
19 48
20 52
21 52
22 54
23 55
24 55
25 56
26 60
27 63
28 72
29 75
30 75
31 76
32 76
33 77
34 78
35 80
36 85
37 85
38 88
39 90
40 95
41 96
42 96
43 100
44 102
45 104
46 104
47 108
48 110
49 114
50 115
51 115
52 119
53 119
54 120
55 126
56 130
57 132
58 135
59 138
60 143
61 144
62 144
63 145
64 150
65 152
66 153
67 154
68 155
69 155
70 160
71 161
72 161
73 162
74 168
75 171
76 174
77 174
78 175
79 180
80 182
81 187
82 189
83 190
84 192
85 192
86 195
87 196
88 196
89 198
90 200
91 204
92 207
93 209
94 210
95 220
96 221
97 222
98 222
99 224
100 228
101 228
102 231
103 234
104 235
105 235
106 238
107 240
108 245
109 246
110 246
111 248
112 248
113 252
114 253
115 255
116 260
117 261
118 266
119 270
120 270
121 272
122 275
123 275
124 276
125 280
126 285
127 286
128 287
129 287
130 288
131 294
132 296
133 296
134 299
135 300
136 301
137 301
138 304
139 305
140 306
141 308
142 312
143 312
144 319
145 320
146 322
147 322
148 324
149 325
150 329
151 330
152 336
153 340
154 341
155 342
156 344
157 345
158 350
159 351
160 357
161 360
162 363
163 363
164 368
165 369
166 371
167 371
168 371
169 374
170 375
171 375
172 377
173 378
174 380
175 384
176 384
177 387
178 390
179 391
180 392
181 396
182 399
183 402
184 402
185 402
186 403
187 405
188 406
189 408
190 410
191 413
192 413
193 413
194 414
195 416
196 420
197 423
198 424
199 427
200 429
201 432
202 432
203 435
204 437
205 441
206 442
207 444
208 444
209 450
210 455
211 456
212 460
213 462
214 465
215 468
216 470
217 473
218 475
219 477
220 480
221 483
222 486
223 490
224 493
225 494
226 496
227 497
228 497
229 500
230 504
231 510
232 511
233 511
234 511
235 513
236 516
237 517
238 518
239 520
240 522
241 527
242 527
243 528
244 530
245 530
246 531
247 532
248 535
249 535
250 535
251 539
252 540
253 544
254 546
255 549
256 549
257 551
258 555
259 560
260 561
261 564
262 567
263 568
264 570
265 572
266 574
267 575
268 575
269 576
270 580
271 581
272 581
273 582
274 582
275 585
276 588
277 589
278 592
279 594
280 595
281 598
282 600
283 603
284 605
285 608
286 609
287 610
288 612
289 615
290 616
291 621
292 623
293 623
294 624
295 627
296 630
297 632
298 636
299 637
300 638
301 639
302 640
303 644
304 645
305 645
306 646
307 649
308 649
309 649
310 651
311 656
312 657
313 657
314 658
315 660
316 664
317 665
318 667
319 670
320 671
321 672
322 676
323 676
324 680
325 684
326 685
327 685
328 685
329 690
330 693
331 696
332 700
333 702
334 704
335 705
336 712
337 713
338 715
339 720
340 721
341 721
342 728
343 731
344 732
345 736
346 737
347 738
348 740
349 741
350 744
351 747
352 748
353 749
354 750
355 752
356 756
357 759
358 762
359 762
360 762
361 767
362 767
363 768
364 770
365 775
366 777
367 780
368 781
369 781
370 782
371 783
372 784
373 790
374 790
375 792
376 795
377 795
378 799
379 800
380 803
381 803
382 804
383 806
384 808
385 808
386 810
387 810
388 814
389 817
390 819
391 820
392 820
393 825
394 826
395 828
396 830
397 833
398 836
399 840
400 846
401 847
402 850
403 850
404 851
405 852
406 854
407 855
408 858
409 860
410 864
411 868
412 870
413 871
414 871
415 872
416 872
417 873
418 873
419 874
420 880
421 882
422 884
423 888
424 890
425 896
426 899
427 900
428 901
429 902
430 903
431 904
432 904
433 909
434 909
435 910
436 912
437 915
438 917
439 918
440 920
441 924
442 925
443 928
444 930
445 935
446 936
447 938
448 940
449 943
450 945
451 946
452 948
453 949
454 950
455 954
456 960
457 962
458 963
459 968
460 968
461 972
462 975
463 976
464 979
465 984
466 986
467 987
468 988
469 990
470 992
471 994
472 996
473 999
