# M f(M): max number of distinct unit fractions 1/k, k <= M, summing to 1
1 1
2 1
3 1
4 1
5 1
6 3
7 3
8 3
9 3
10 3
11 3
12 4
13 4
14 4
15 6
16 6
17 6
18 7
19 7
20 8
21 8
22 8
23 8
24 10
25 10
26 10
27 10
28 11
29 11
30 12
31 12
32 12
33 14
34 14
35 15
36 16
37 16
38 16
39 16
40 17
41 17
42 18
43 18
44 18
45 18
46 18
47 18
48 19
49 19
50 19
51 19
52 21
53 21
54 22
55 24
56 25
57 25
58 25
59 25
60 26
61 26
62 26
63 27
64 27
65 27
66 27
67 27
68 27
69 27
70 27
71 27
72 28
73 28
74 28
75 30
76 32
77 33
78 34
79 34
80 35
81 35
82 35
83 35
84 35
85 37
86 37
87 37
88 38
89 38
90 39
91 39
92 39
93 39
94 39
95 40
96 42
97 42
98 42
99 42
100 43
101 43
102 44
103 44
104 46
105 46
106 46
107 46
108 47
109 47
110 48
111 48
112 48
113 48
114 49
115 51
116 51
117 51
118 51
119 53
120 54
121 54
122 54
123 54
124 54
125 54
126 55
127 55
128 55
129 55
130 56
131 56
132 57
133 57
134 57
135 58
136 58
137 58
138 59
139 59
140 59
141 59
142 59
143 60
144 62
145 63
146 63
147 63
148 63
149 63
150 64
151 64
152 65
153 66
154 67
155 69
156 69
157 69
158 69
159 69
160 70
161 72
162 73
163 73
164 73
165 73
166 73
167 73
168 74
169 74
170 74
171 75
172 75
173 75
174 77
175 78
176 78
177 78
178 78
179 78
180 79
181 79
182 80
183 80
184 80
185 80
186 80
187 81
188 81
189 82
190 83
191 83
192 85
193 85
194 85
195 86
196 88
197 88
198 89
199 89
200 90
201 90
202 90
203 90
204 91
205 91
206 91
207 92
208 92
209 93
210 94
211 94
212 94
213 94
214 94
215 94
216 94
217 94
218 94
219 94
220 95
221 96
222 98
223 98
224 99
225 99
226 99
227 99
228 101
229 101
230 101
231 102
232 102
233 102
234 103
235 105
236 105
237 105
238 106
239 106
240 107
241 107
242 107
243 107
244 107
245 108
246 110
247 110
248 112
249 112
250 112
251 112
252 113
253 114
254 114
255 115
256 115
257 115
258 115
259 115
260 116
261 117
262 117
263 117
264 117
265 117
266 118
267 118
268 118
269 118
270 120
271 120
272 121
273 121
274 121
275 123
276 124
277 124
278 124
279 124
280 125
281 125
282 125
283 125
284 125
285 126
286 127
287 129
288 130
289 130
290 130
291 130
292 130
293 130
294 131
295 131
296 133
297 133
298 133
299 134
300 135
301 137
302 137
303 137
304 138
305 139
306 140
307 140
308 141
309 141
310 141
311 141
312 143
313 143
314 143
315 143
316 143
317 143
318 143
319 144
320 145
321 145
322 147
323 147
324 148
325 149
326 149
327 149
328 149
329 150
330 151
331 151
332 151
333 151
334 151
335 151
336 152
337 152
338 152
339 152
340 153
341 154
342 155
343 155
344 156
345 157
346 157
347 157
348 157
349 157
350 158
351 159
352 159
353 159
354 159
355 159
356 159
357 160
358 160
359 160
360 161
361 161
362 161
363 163
364 163
365 163
366 163
367 163
368 164
369 165
370 165
371 168
372 168
373 168
374 169
375 171
376 171
377 172
378 173
379 173
380 174
381 174
382 174
383 174
384 176
385 176
386 176
387 177
388 177
389 177
390 178
391 179
392 180
393 180
394 180
395 180
396 181
397 181
398 181
399 182
400 182
401 182
402 185
403 186
404 186
405 187
406 188
407 188
408 189
409 189
410 190
411 190
412 190
413 193
414 194
415 194
416 195
417 195
418 195
419 195
420 196
421 196
422 196
423 197
424 198
425 198
426 198
427 199
428 199
429 200
430 200
431 200
432 202
433 202
434 202
435 203
436 203
437 204
438 204
439 204
440 204
441 205
442 206
443 206
444 208
445 208
446 208
447 208
448 208
449 208
450 209
451 209
452 209
453 209
454 209
455 210
456 211
457 211
458 211
459 211
460 212
461 212
462 213
463 213
464 213
465 214
466 214
467 214
468 215
469 215
470 216
471 216
472 216
473 217
474 217
475 218
476 218
477 219
478 219
479 219
480 220
481 220
482 220
483 221
484 221
485 221
486 222
487 222
488 222
489 222
490 223
491 223
492 223
493 224
494 225
495 225
496 226
497 228
498 228
499 228
500 229
501 229
502 229
503 229
504 230
505 230
506 230
507 230
508 230
509 230
510 231
511 234
512 234
513 235
514 235
515 235
516 236
517 237
518 238
519 238
520 239
521 239
522 240
523 240
524 240
525 240
526 240
527 242
528 243
529 243
530 245
531 246
532 247
533 247
534 247
535 250
536 250
537 250
538 250
539 251
540 252
541 252
542 252
543 252
544 253
545 253
546 254
547 254
548 254
549 256
550 256
551 257
552 257
553 257
554 257
555 258
556 258
557 258
558 258
559 258
560 259
561 260
562 260
563 260
564 261
565 261
566 261
567 262
568 263
569 263
570 264
571 264
572 265
573 265
574 266
575 268
576 269
577 269
578 269
579 269
580 270
581 272
582 274
583 274
584 274
585 275
586 275
587 275
588 276
589 277
590 277
591 277
592 278
593 278
594 279
595 280
596 280
597 280
598 281
599 281
600 282
601 282
602 282
603 283
604 283
605 284
606 284
607 284
608 285
609 286
610 287
611 287
612 288
613 288
614 288
615 289
616 290
617 290
618 290
619 290
620 290
621 291
622 291
623 293
624 294
625 294
626 294
627 295
628 295
629 295
630 296
631 296
632 297
633 297
634 297
635 297
636 298
637 299
638 300
639 301
640 302
641 302
642 302
643 302
644 303
645 305
646 306
647 306
648 306
649 309
650 309
651 310
652 310
653 310
654 310
655 310
656 311
657 313
658 314
659 314
660 315
661 315
662 315
663 315
664 316
665 317
666 317
667 318
668 318
669 318
670 319
671 320
672 321
673 321
674 321
675 321
676 323
677 323
678 323
679 323
680 324
681 324
682 324
683 324
684 325
685 328
686 328
687 328
688 328
689 328
690 329
691 329
692 329
693 330
694 330
695 330
696 331
697 331
698 331
699 331
700 332
701 332
702 333
703 333
704 334
705 335
706 335
707 335
708 335
709 335
710 335
711 335
712 336
713 337
714 337
715 338
716 338
717 338
718 338
719 338
720 339
721 341
722 341
723 341
724 341
725 341
726 341
727 341
728 342
729 342
730 342
731 343
732 344
733 344
734 344
735 344
736 345
737 346
738 347
739 347
740 348
741 349
742 349
743 349
744 350
745 350
746 350
747 351
748 352
749 353
750 354
751 354
752 355
753 355
754 355
755 355
756 356
757 356
758 356
759 357
760 357
761 357
762 360
763 360
764 360
765 360
766 360
767 362
768 363
769 363
770 364
771 364
772 364
773 364
774 364
775 365
776 365
777 366
778 366
779 366
780 367
781 369
782 370
783 371
784 372
785 372
786 372
787 372
788 372
789 372
790 374
791 374
792 375
793 375
794 375
795 377
796 377
797 377
798 377
799 378
800 379
801 379
802 379
803 381
804 382
805 382
806 383
807 383
808 385
809 385
810 387
811 387
812 387
813 387
814 388
815 388
816 388
817 389
818 389
819 390
820 392
821 392
822 392
823 392
824 392
825 393
826 394
827 394
828 395
829 395
830 396
831 396
832 396
833 397
834 397
835 397
836 398
837 398
838 398
839 398
840 399
841 399
842 399
843 399
844 399
845 399
846 400
847 401
848 401
849 401
850 403
851 404
852 405
853 405
854 406
855 407
856 407
857 407
858 408
859 408
860 409
861 409
862 409
863 409
864 410
865 410
866 410
867 410
868 411
869 411
870 412
871 414
872 416
873 418
874 419
875 419
876 419
877 419
878 419
879 419
880 420
881 420
882 421
883 421
884 422
885 422
886 422
887 422
888 423
889 423
890 424
891 424
892 424
893 424
894 424
895 424
896 425
897 425
898 425
899 426
900 427
901 428
902 429
903 430
904 432
905 432
906 432
907 432
908 432
909 434
910 435
911 435
912 436
913 436
914 436
915 437
916 437
917 438
918 439
919 439
920 440
921 440
922 440
923 440
924 441
925 442
926 442
927 442
928 443
929 443
930 444
931 444
932 444
933 444
934 444
935 445
936 446
937 446
938 447
939 447
940 448
941 448
942 448
943 449
944 449
945 450
946 451
947 451
948 452
949 453
950 454
951 454
952 454
953 454
954 455
955 455
956 455
957 455
958 455
959 455
960 456
961 456
962 457
963 458
964 458
965 458
966 458
967 458
968 460
969 460
970 460
971 460
972 461
973 461
974 461
975 462
976 463
977 463
978 463
979 464
980 464
981 464
982 464
983 464
984 465
985 465
986 466
987 467
988 468
989 468
990 469
991 469
992 470
993 470
994 471
995 471
996 472
997 472
998 472
999 473
1000 473
