# A030659 (b-file synthesized from sequence entry)
3 6
4 12
5 15
6 15
7 18
8 20
9 24
10 24
11 28
12 30
13 33
14 33
15 35
16 36
17 40
18 42
19 48
20 52
21 52
22 54
23 55
24 55
25 56
26 60
27 63
28 72
29 75
30 75
31 76
32 76
33 77
34 78
35 80
36 85
37 85
38 88
39 90
40 95
41 96
42 96
43 100
44 102
45 104
46 104
47 108
48 110
49 114
50 115
51 115
52 119
53 119
54 120
55 126
56 130
57 132
58 135
59 138
60 143
61 144
62 144
63 145
64 150
65 152
66 153
67 154
68 155
69 155
70 160
71 161
72 161
73 162
74 168
75 171
76 174
77 174
78 175
79 180
80 182
81 187
82 189
83 190
84 192
85 192
86 195
87 196
88 196
89 198
90 200
91 204
92 207
93 209
94 210
95 220
96 221
97 222
98 222
99 224
100 228
101 228
102 231
103 234
104 235
105 235
106 238
107 240
108 245
109 246
110 246
111 248
112 248
113 252
114 253
115 255
116 260
117 261
118 266
119 270
120 270
121 272
122 275
123 275
124 276
125 280
126 285
127 286
128 287
129 287
130 288
131 294
132 296
133 296
134 299
135 300
136 301
137 301
138 304
139 305
140 306
141 308
142 312
143 312
144 319
145 320
146 322
147 322
