473 999 count=78 status=OPTIMAL secs=248.2 lexmin=103,107,109,113,127,131,137,147,177,178,183,184,188,192,203,205,206,208,209,210,213,216,217,218,220,228,236,240,245,246,247,248,252,253,254,255,256,258,259,260,264,265,266,268,270,272,273,274,275,279,280,282,284,286,287,288,290,291,294,295,296,297,299,300,303,304,306,308,312,315,319,320,322,323,325,327,330,332,333,335,336,338,339,340,341,342,344,345,348,350,351,352,356,357,360,363,364,368,369,371,372,374,375,376,377,378,380,385,387,388,390,391,392,395,396,399,400,402,403,404,405,406,407,408,410,411,412,413,414,415,416,418,420,423,424,425,426,427,428,429,432,434,435,437,438,440,441,442,444,448,450,451,452,455,456,459,460,462,464,465,468,469,470,472,473,474,475,476,480,481,483,484,486,488,490,492,493,494,495,496,497,498,500,504,505,506,507,508,510,511,513,515,516,517,518,520,522,524,525,527,528,530,532,533,534,535,536,539,540,544,546,548,549,550,551,552,553,555,558,559,560,561,564,567,568,570,572,574,575,576,580,581,583,584,585,588,589,590,592,594,595,598,600,602,603,605,608,609,610,611,612,615,616,618,620,621,623,624,627,629,630,635,636,637,638,640,642,644,645,646,648,649,650,651,654,656,657,658,660,663,664,665,666,667,670,671,672,675,676,678,679,680,682,684,685,688,689,690,693,696,697,700,702,703,704,705,707,708,710,711,712,713,714,715,720,721,725,726,728,730,731,732,735,736,738,740,741,742,744,748,749,750,752,754,756,759,760,762,763,765,767,768,770,774,775,776,777,779,780,781,782,783,784,786,790,791,792,793,795,798,799,800,801,803,804,805,806,808,810,812,814,816,817,819,820,825,826,828,830,832,833,836,837,840,846,847,848,850,851,852,854,855,856,858,860,861,864,868,869,870,871,872,873,874,875,876,880,882,884,885,888,890,891,893,896,897,899,900,901,902,903,904,909,910,912,913,915,917,918,920,923,924,925,927,928,930,931,935,936,938,940,943,944,945,946,948,949,950,952,954,957,960,962,963,966,968,969,972,975,976,979,980,981,984,986,987,988,989,990,992,994,996,999
472 996 count=433 status=FEASIBLE secs=1800.4 lexmin=103,107,109,113,127,128,131,137,148,177,178,184,188,192,203,205,206,208,209,213,217,218,220,222,224,228,236,244,246,247,248,252,253,254,255,256,258,259,260,264,265,266,268,270,272,273,274,275,279,280,282,284,286,287,288,290,291,295,296,297,299,300,303,304,306,308,312,315,319,320,322,323,325,327,330,332,333,335,336,338,339,340,341,342,344,345,348,350,351,352,356,357,360,363,364,366,368,369,370,371,372,374,375,376,377,378,380,384,385,387,388,390,391,392,395,396,399,400,402,403,404,405,406,407,408,410,411,412,413,414,415,416,418,420,423,424,425,426,427,428,429,432,434,435,437,438,440,441,442,444,448,450,451,452,455,456,459,460,462,464,465,468,469,470,472,473,474,475,476,480,481,483,484,486,488,490,492,493,494,495,496,497,498,500,504,505,506,507,508,510,511,513,515,516,517,518,520,522,524,525,527,528,530,532,533,534,535,536,539,540,544,546,548,549,550,551,552,553,555,558,559,560,561,564,567,568,570,572,574,575,576,580,581,583,584,585,588,589,590,592,594,595,598,600,602,603,605,608,609,610,611,612,615,616,618,620,621,623,624,627,629,630,635,636,637,638,640,642,644,645,646,648,649,650,651,654,656,657,658,660,663,664,665,666,667,670,671,672,675,676,678,679,680,682,684,685,688,689,690,693,696,697,700,702,703,704,705,707,708,710,711,712,713,714,715,720,721,725,726,728,730,731,735,736,738,740,741,742,744,748,749,750,752,754,756,759,760,762,763,765,767,768,770,774,775,776,777,779,780,781,782,783,784,786,790,791,792,793,795,798,799,800,801,803,804,805,806,808,810,812,814,816,817,819,820,825,826,828,830,832,833,836,837,840,846,847,848,850,851,852,854,855,856,858,860,861,864,868,869,870,871,872,873,874,875,876,880,882,884,885,888,890,891,893,896,897,899,900,901,902,903,904,909,910,912,913,915,917,918,920,923,924,925,927,928,930,931,935,936,938,940,943,944,945,946,948,949,950,952,954,957,960,962,963,966,968,969,972,975,976,979,980,981,984,986,987,988,989,990,992,994,996
471 994 count=72 status=FEASIBLE secs=180.1 lexmin=103,107,109,113,127,129,131,137,148,177,178,183,184,188,192,194,203,205,206,208,209,213,217,218,220,222,228,236,240,246,247,248,249,252,253,254,255,256,259,260,264,265,266,268,270,272,273,274,275,279,280,282,284,286,287,288,290,295,296,297,299,300,301,303,304,306,308,312,315,319,320,322,323,325,327,330,333,335,336,338,339,340,341,342,344,345,348,350,351,352,356,357,360,363,364,368,369,370,371,372,374,375,376,377,378,380,385,387,390,391,392,395,396,399,400,402,403,404,405,406,407,408,410,411,412,413,414,415,416,418,420,423,424,425,426,427,428,429,430,432,434,435,437,438,440,441,442,444,448,450,451,452,455,456,459,460,462,464,465,468,469,470,472,473,474,475,476,480,481,483,484,485,486,488,490,492,493,494,495,496,497,498,500,504,505,506,507,508,510,511,513,515,516,517,518,520,522,524,525,527,528,530,532,533,534,535,536,539,540,544,546,548,549,550,551,552,553,555,558,559,560,561,564,567,568,570,572,574,575,576,580,581,582,583,584,585,588,589,590,592,594,595,598,600,602,603,605,608,609,610,611,612,615,616,618,620,621,623,624,627,629,630,635,636,637,638,640,642,644,645,646,648,649,650,651,654,656,657,658,660,663,664,665,666,667,670,671,672,675,676,678,680,682,684,685,688,689,690,693,696,697,700,702,703,704,705,707,708,710,711,712,713,714,715,720,721,725,726,728,730,731,732,735,736,738,740,741,742,744,748,749,750,752,754,756,759,760,762,763,765,767,768,770,774,775,777,779,780,781,782,783,784,786,790,791,792,793,795,798,799,800,801,803,804,805,806,808,810,812,814,816,817,819,820,825,826,828,830,832,833,836,837,840,846,847,848,850,851,852,854,855,856,858,860,861,864,868,869,870,871,872,873,874,875,876,880,882,884,885,888,890,891,893,896,897,899,900,901,902,903,904,909,910,912,913,915,917,918,920,923,924,925,927,928,930,931,935,936,938,940,943,944,945,946,948,949,950,952,954,957,960,962,963,966,968,969,970,972,975,976,979,980,981,984,986,987,988,989,990,992,994
470 992 count=37 status=FEASIBLE secs=180.1 lexmin=103,107,109,113,127,131,137,147,148,162,169,177,178,184,188,205,206,210,213,216,217,218,222,231,236,240,244,245,246,248,249,252,253,254,255,256,258,259,260,261,264,265,268,270,272,273,274,275,279,280,282,284,285,286,287,288,290,291,294,295,296,297,299,300,303,304,306,308,312,315,319,320,322,323,324,325,327,330,333,335,336,338,339,340,341,342,344,345,350,351,352,356,357,360,363,364,366,368,369,370,371,372,374,375,376,377,378,380,384,385,387,388,390,391,392,395,396,399,400,402,403,404,405,406,407,408,410,411,412,413,414,415,416,418,420,423,424,425,426,427,428,429,432,434,435,437,438,440,441,442,444,448,450,451,452,455,456,459,460,462,464,465,468,469,470,472,473,474,475,476,480,481,483,484,486,488,490,492,493,494,495,496,497,498,500,504,505,506,508,510,511,513,515,516,517,518,520,522,524,525,527,528,530,532,533,534,535,536,539,540,544,546,548,549,550,551,552,553,555,558,559,560,561,564,567,568,570,572,574,575,576,580,581,583,584,585,588,589,590,592,594,595,598,600,602,603,605,608,609,610,611,612,615,616,618,620,621,623,624,627,629,630,635,636,637,638,639,642,644,645,646,648,649,650,651,654,656,657,658,660,663,664,665,666,667,670,671,672,675,676,678,679,680,682,684,685,688,689,690,693,696,697,700,702,703,704,705,707,708,710,711,712,713,714,715,720,721,725,726,728,730,731,735,736,738,740,741,742,744,748,749,750,752,754,756,759,760,762,763,765,767,768,770,774,775,776,777,779,780,782,783,784,786,790,791,792,793,795,798,799,800,801,803,804,805,806,808,810,812,814,816,817,819,820,825,826,828,830,832,833,836,837,840,845,846,847,848,850,851,852,854,855,856,858,860,861,864,868,869,870,871,872,873,874,875,876,880,882,884,885,888,890,891,893,896,897,899,900,901,902,903,904,909,910,912,913,915,917,918,920,923,924,925,927,928,930,931,935,936,938,940,943,944,945,946,948,949,950,952,954,957,960,962,963,966,968,969,972,975,976,979,980,981,984,986,987,988,989,990,992
469 990 count=23 status=FEASIBLE secs=180.1 lexmin=103,107,109,113,127,129,131,137,148,159,177,178,183,184,188,192,205,206,208,212,213,218,222,224,231,236,240,246,247,248,249,252,253,254,255,256,259,260,261,264,265,266,268,270,272,273,274,275,279,280,282,284,285,286,287,288,290,291,295,296,297,299,300,301,303,304,306,308,310,312,315,318,319,320,322,323,325,327,330,333,335,336,338,339,340,341,342,344,345,350,351,352,356,357,360,363,364,368,369,370,371,372,374,375,376,377,378,380,385,387,388,390,391,392,395,396,400,402,403,404,405,406,407,408,410,411,412,413,414,415,416,418,420,423,425,426,427,428,429,430,432,434,435,437,438,440,441,442,444,448,450,451,452,455,456,459,460,462,464,465,468,469,470,472,473,474,475,476,477,480,481,483,484,486,488,490,492,493,494,495,496,497,498,500,504,505,506,507,508,510,511,513,515,516,517,518,520,522,524,525,527,528,530,532,533,534,535,536,539,540,544,546,548,549,550,551,552,553,555,558,559,560,561,564,567,568,570,572,574,575,576,580,581,583,584,585,588,590,592,594,595,598,600,602,603,605,608,609,610,611,612,615,616,618,620,621,623,624,627,629,630,635,636,637,638,639,640,642,644,645,646,648,649,650,651,654,656,657,658,660,663,664,665,666,667,670,671,672,675,676,678,679,680,682,684,685,688,689,690,693,696,697,700,702,703,704,705,707,708,710,711,712,713,714,715,720,721,725,726,728,730,731,732,735,736,738,740,741,742,744,748,749,750,752,754,756,759,760,762,763,765,767,768,770,774,775,776,777,779,780,782,783,784,786,790,791,792,793,795,798,799,800,801,803,804,805,806,808,810,812,814,816,817,819,820,825,826,828,830,832,833,836,837,840,846,847,848,850,851,852,854,855,856,858,860,861,864,868,869,870,871,872,873,874,875,876,880,882,884,885,888,890,891,893,896,897,899,900,901,902,903,904,909,910,912,913,915,917,918,920,923,924,925,927,928,930,931,935,936,938,940,943,944,945,946,948,949,950,952,954,957,960,962,963,966,968,969,972,975,976,979,980,981,984,986,987,988,989,990
468 988 count=38 status=FEASIBLE secs=90.1 lexmin=103,107,109,113,127,131,137,147,148,177,178,186,188,192,203,205,206,209,213,215,218,222,224,228,230,231,236,244,245,246,247,248,249,252,254,255,256,258,259,260,264,265,266,268,270,272,273,274,275,276,279,280,282,284,286,287,288,290,291,294,295,296,297,300,301,303,304,306,308,310,312,315,319,320,322,323,325,327,330,333,335,336,338,339,340,341,342,344,345,348,350,351,352,356,357,360,363,364,366,368,369,370,371,374,375,376,377,378,380,385,387,388,390,391,392,395,396,399,400,402,403,404,405,406,407,408,410,411,412,413,414,415,416,418,420,423,424,425,426,427,428,429,430,432,434,435,437,438,440,441,442,444,448,450,451,452,455,456,459,460,462,464,465,468,469,470,472,473,474,475,476,480,481,483,484,486,488,490,492,493,494,495,496,497,498,500,504,505,506,507,508,510,511,513,515,517,518,520,522,524,525,527,528,530,532,533,534,535,536,539,540,544,546,548,549,550,551,552,553,555,558,559,560,561,564,567,568,570,572,574,575,576,580,581,583,584,585,588,589,590,592,594,595,598,600,602,603,605,608,609,610,611,612,615,616,618,620,621,623,624,627,629,630,635,636,637,638,639,640,642,644,645,646,648,649,650,651,654,656,657,658,660,663,664,665,666,667,670,671,672,675,676,678,679,680,682,684,685,688,689,690,693,696,697,700,702,703,704,705,707,708,710,711,712,713,714,715,720,721,725,726,728,730,731,735,736,738,740,741,742,744,748,749,750,752,754,756,759,760,762,763,765,767,768,770,774,775,776,777,779,780,782,783,784,786,790,791,792,793,795,798,799,800,801,803,804,805,806,808,810,812,814,816,817,819,820,825,826,828,830,832,833,836,837,840,846,847,848,850,851,852,854,855,856,858,860,861,864,868,869,870,871,872,873,874,875,876,880,882,884,885,888,890,891,893,896,897,899,900,901,902,903,904,909,910,912,913,915,917,918,920,923,924,925,927,928,930,931,935,936,938,940,943,944,945,946,948,949,950,952,954,957,960,962,963,966,968,969,972,975,976,979,980,981,984,986,987,988
467 987 count=19 status=FEASIBLE secs=90.0 lexmin=103,107,109,113,127,131,137,147,148,159,162,177,178,183,188,192,203,205,206,207,212,213,218,222,224,231,236,240,245,246,249,252,253,254,255,256,258,259,260,264,265,266,268,272,273,274,275,279,280,282,284,285,286,287,288,290,291,294,295,296,297,299,300,301,303,304,306,308,312,315,318,319,320,322,323,324,325,327,330,333,335,336,338,339,340,342,344,345,348,350,351,352,356,357,360,363,364,368,369,370,371,372,374,375,376,377,378,380,385,387,388,390,391,392,395,396,399,400,402,403,404,405,406,407,408,410,411,412,413,414,415,416,418,420,423,425,426,427,428,429,430,432,434,435,437,438,440,441,442,444,448,450,451,452,455,456,459,460,462,464,465,468,469,470,472,473,474,475,476,477,480,481,483,484,486,488,490,492,493,494,495,496,497,498,500,504,505,506,507,508,510,511,513,515,516,517,518,520,522,524,525,527,528,530,532,533,534,535,536,539,540,544,546,548,549,550,551,552,553,555,558,559,560,561,564,567,568,570,572,574,575,576,580,581,583,584,585,588,589,590,592,594,595,598,600,602,603,605,608,609,610,611,612,615,616,618,620,621,623,624,627,629,630,635,636,637,638,639,640,642,644,645,646,648,649,650,651,654,656,657,658,660,663,664,665,666,667,670,671,672,675,676,678,679,680,682,684,685,689,690,693,696,697,700,702,703,704,705,707,708,710,711,712,713,714,715,720,721,725,726,728,730,731,732,735,736,738,740,741,742,744,748,749,750,752,754,756,759,760,762,763,765,767,768,770,774,775,776,777,779,780,782,783,784,786,790,791,792,793,795,798,799,800,801,803,804,805,806,808,810,812,814,816,817,819,820,825,826,828,830,832,833,836,837,840,846,847,848,850,851,852,854,855,856,858,860,861,864,868,869,870,871,872,873,874,875,876,880,882,884,885,888,890,891,893,896,897,899,900,901,902,903,904,909,910,912,913,915,917,918,920,923,924,925,927,928,930,931,935,936,938,940,943,944,945,946,948,949,950,952,954,957,960,962,963,966,968,969,972,975,976,979,980,981,984,986,987
466 986 count=2 status=FEASIBLE secs=90.0 lexmin=103,109,113,127,131,137,148,159,162,174,178,183,192,203,205,206,207,212,213,214,215,216,218,222,224,228,231,232,246,248,249,252,253,254,255,256,258,259,260,261,264,265,266,268,270,272,273,274,275,279,280,282,284,285,286,287,288,290,291,295,296,297,299,300,301,303,304,306,308,310,312,315,318,319,320,321,322,323,324,325,327,329,330,333,335,336,338,339,340,341,342,344,345,348,350,351,352,354,356,357,360,363,364,368,369,370,371,372,374,375,377,378,380,385,387,388,390,391,392,395,396,399,400,402,403,404,405,406,407,408,410,411,412,413,414,415,416,418,420,423,425,426,427,428,429,430,432,434,435,437,438,440,441,442,444,448,450,451,452,455,456,459,460,462,464,465,468,469,470,473,474,475,476,477,480,481,483,484,486,488,490,492,493,494,495,496,497,498,500,504,505,506,507,508,510,511,513,515,517,518,520,522,524,525,527,528,530,531,532,533,534,536,539,540,544,546,548,549,550,551,552,553,555,558,559,560,561,564,567,568,570,572,574,575,576,580,581,583,584,585,588,590,592,594,595,598,600,602,603,605,608,609,610,611,612,615,616,618,620,621,623,624,627,629,630,635,636,637,638,639,640,642,644,645,646,648,650,651,654,656,657,658,660,663,665,666,667,670,671,672,675,676,678,679,680,682,684,685,688,689,690,693,696,697,700,702,703,704,705,707,708,710,711,712,713,714,715,720,721,725,726,728,730,731,732,735,736,738,740,741,742,744,747,748,750,752,754,756,759,760,762,763,765,767,768,770,774,775,776,777,779,780,782,783,784,786,790,791,792,793,795,798,799,800,801,803,804,805,806,808,810,812,814,816,817,819,820,825,826,828,830,832,833,836,837,840,846,847,848,850,851,852,854,855,856,858,860,861,864,868,869,870,871,872,873,874,875,876,880,882,884,885,888,890,891,893,896,897,899,900,901,902,903,904,909,910,912,915,917,918,920,923,924,925,927,928,930,931,935,936,938,940,943,944,945,946,948,949,950,952,954,957,960,962,963,966,968,969,972,975,976,979,980,981,984,986
465 984 count=1 status=FEASIBLE secs=90.0 lexmin=103,113,127,131,137,148,171,177,178,182,183,187,192,194,204,205,206,207,208,209,213,214,215,220,221,222,224,231,234,236,238,240,246,247,248,249,252,253,254,255,256,258,259,260,261,264,265,266,268,270,272,273,274,275,279,280,282,284,285,286,287,288,295,296,297,299,300,301,303,304,306,308,310,312,315,320,321,322,323,325,327,329,330,333,335,336,338,339,340,341,342,344,345,348,350,351,352,356,357,360,363,364,368,369,370,371,372,374,375,377,378,380,385,387,390,391,392,395,396,399,400,402,403,404,405,406,407,408,410,411,412,413,414,415,416,418,420,423,424,425,426,427,428,429,430,432,434,435,436,437,438,440,441,442,444,448,450,451,452,455,456,459,460,462,464,465,468,469,470,472,473,474,475,476,480,481,483,484,485,486,488,490,492,493,494,495,496,497,498,500,504,505,506,507,508,510,511,513,515,517,518,520,522,524,525,527,528,530,532,533,534,536,539,540,544,545,546,548,549,550,551,552,553,555,558,559,560,561,564,567,568,570,572,574,575,576,580,581,582,583,584,585,588,590,592,594,595,598,600,602,603,605,608,609,610,611,612,615,616,618,620,621,623,624,627,629,630,635,636,637,638,639,640,642,644,645,646,648,649,650,651,656,657,658,660,663,664,665,666,667,670,671,672,675,676,678,680,682,684,685,688,689,690,693,696,697,700,702,703,704,705,707,708,710,711,712,713,714,715,720,721,725,726,728,730,731,732,735,736,738,740,741,742,744,748,750,752,754,756,759,760,762,765,767,768,770,774,775,777,779,780,782,783,784,786,790,791,792,793,795,798,799,800,801,803,804,805,806,808,810,812,814,816,817,819,820,825,826,828,830,832,833,836,837,840,846,847,848,850,851,852,854,855,856,858,860,861,864,868,869,870,871,872,873,874,875,876,880,882,884,885,888,890,891,893,896,897,899,900,901,902,903,904,909,910,912,913,915,917,918,920,923,924,925,927,928,930,931,935,936,938,940,943,944,945,946,948,949,950,952,954,957,960,962,963,966,968,969,970,972,975,976,979,980,984
464 979 count=17 status=FEASIBLE secs=90.1 lexmin=103,107,113,127,131,137,148,158,159,162,178,192,204,206,207,210,212,213,215,216,220,222,224,228,231,237,238,240,244,246,248,249,252,253,254,255,256,258,259,260,261,264,265,266,268,270,273,274,275,279,280,282,284,285,286,287,288,291,294,295,296,297,299,300,301,303,304,306,308,310,312,315,316,318,320,322,323,324,325,327,328,329,330,333,335,336,338,339,340,341,342,344,345,348,350,351,352,354,355,356,357,360,363,364,366,368,370,371,372,374,375,377,378,380,385,387,388,390,391,392,395,396,399,400,402,403,404,405,406,407,408,410,411,412,414,415,416,418,420,423,425,426,427,428,429,430,432,434,435,436,437,438,440,441,442,444,448,450,451,452,455,456,459,460,462,464,465,468,469,470,472,473,474,475,476,477,480,481,483,484,486,488,490,492,493,494,495,496,498,500,504,505,506,507,508,510,511,513,515,517,518,520,522,524,525,527,528,530,531,532,533,534,535,536,539,540,544,545,546,548,549,550,551,552,553,555,558,559,560,561,564,567,570,572,574,575,576,580,581,583,584,585,588,590,592,594,595,598,600,602,603,605,608,609,610,611,612,615,616,618,620,621,623,624,627,629,630,632,635,636,637,638,639,640,642,644,645,646,648,649,650,651,656,657,658,660,663,664,665,666,667,670,671,672,675,676,678,679,680,682,684,685,688,689,690,693,696,697,700,702,703,704,705,707,708,710,712,713,714,715,720,721,725,726,728,730,731,735,736,738,740,741,742,744,748,749,750,752,754,756,759,760,762,765,767,768,770,774,775,776,777,779,780,781,782,783,784,786,790,791,792,793,795,798,799,800,801,803,804,805,806,808,810,812,814,816,817,819,820,825,826,828,830,832,833,836,837,840,846,847,848,850,851,852,854,855,856,858,860,861,864,868,869,870,871,872,873,874,875,876,880,882,884,888,890,891,893,896,897,899,900,901,902,903,904,909,910,912,913,915,917,918,920,923,924,925,927,928,930,931,935,936,938,940,943,944,945,946,948,949,950,952,954,957,960,962,963,966,968,969,972,975,976,979
463 976 count=22 status=FEASIBLE secs=90.0 lexmin=103,107,113,127,131,137,148,158,177,178,183,186,187,192,204,206,207,208,213,215,220,221,222,224,231,232,234,236,237,238,240,246,248,249,252,253,254,255,256,258,259,260,264,265,266,267,268,270,272,274,275,279,280,282,284,285,286,287,288,290,291,294,295,296,297,299,300,301,303,304,306,308,310,312,315,316,319,320,322,323,325,327,328,329,330,333,335,336,338,339,340,341,342,344,345,348,350,351,352,357,360,363,364,368,370,371,374,375,378,380,385,387,388,390,391,392,395,396,399,400,402,403,404,405,406,407,408,410,411,412,413,414,415,416,418,420,423,424,425,426,427,428,429,430,432,434,435,436,437,438,440,441,442,444,445,448,450,451,452,455,456,459,460,462,464,465,468,469,470,472,473,474,475,476,480,481,483,484,486,488,490,492,493,494,495,496,497,498,500,504,505,506,507,508,510,511,513,515,517,518,520,522,524,525,527,528,530,532,533,534,535,536,539,540,544,545,546,548,549,550,551,552,553,555,558,559,560,561,564,567,568,570,572,574,575,576,580,581,583,584,585,588,589,590,592,594,595,598,600,602,603,605,608,609,610,611,612,615,616,618,620,621,623,624,627,629,630,632,635,636,637,638,639,640,642,644,645,646,648,649,650,651,656,657,658,660,663,664,665,666,667,670,671,672,675,676,678,679,680,682,684,685,688,689,690,693,696,697,700,702,703,704,705,707,708,710,713,714,715,720,721,725,726,728,730,731,732,735,736,738,740,741,742,744,748,749,750,752,754,756,759,760,762,765,767,768,770,774,775,776,777,779,780,782,783,784,786,790,791,792,793,795,798,799,800,801,803,804,805,806,808,810,812,814,816,817,819,820,825,826,828,830,832,833,836,837,840,846,847,848,850,851,852,854,855,856,858,860,861,864,868,869,870,871,872,873,874,875,876,880,882,884,885,888,890,891,893,896,897,899,900,901,902,903,904,909,910,912,913,915,917,918,920,923,924,925,927,928,930,931,935,936,938,940,943,944,945,946,948,949,950,952,954,957,960,962,963,966,968,969,972,975,976
462 975 count=34 status=FEASIBLE secs=90.1 lexmin=103,107,113,127,131,137,148,158,159,178,183,187,192,204,206,207,212,213,215,220,221,222,224,228,231,234,237,238,240,244,246,248,249,252,253,254,255,256,258,259,260,261,264,265,266,267,268,270,272,274,275,279,280,282,284,285,286,287,288,291,294,295,296,297,299,300,301,303,304,306,308,310,312,315,316,318,320,322,323,325,327,328,329,330,333,335,336,338,339,340,341,342,344,345,348,350,351,352,354,357,360,363,364,366,368,370,371,372,374,375,377,378,380,385,387,388,390,391,392,395,396,399,400,402,403,404,405,406,407,408,410,411,412,413,414,415,416,418,420,423,425,426,427,428,429,430,432,434,435,436,437,438,440,441,442,444,445,448,450,451,452,455,456,459,460,462,464,465,468,469,470,473,474,475,476,477,480,481,483,484,486,488,490,492,493,494,495,496,497,498,500,504,505,506,507,508,510,511,513,515,517,518,520,522,524,525,527,528,530,531,532,533,534,535,536,539,540,544,545,546,548,549,550,551,552,553,555,558,559,560,561,564,567,568,570,572,574,575,576,580,581,583,584,585,588,590,592,594,595,598,600,602,603,605,608,609,611,612,615,616,618,620,621,623,624,627,629,630,632,635,636,637,638,639,640,642,644,645,646,648,650,651,656,657,658,660,663,664,665,666,667,670,671,672,675,676,678,679,680,682,684,685,688,689,690,693,696,697,700,702,703,704,705,707,708,710,713,714,715,720,721,725,726,728,730,731,732,735,736,738,740,741,742,744,748,749,750,752,754,756,759,760,762,765,767,768,770,774,775,776,777,779,780,782,783,784,786,790,791,792,793,795,798,799,800,801,803,804,805,806,808,810,812,814,816,817,819,820,825,826,828,830,832,833,836,837,840,846,847,848,850,851,852,854,855,856,858,860,861,864,868,869,870,871,872,873,874,875,876,880,882,884,885,888,890,891,893,896,897,899,900,901,902,903,904,909,910,912,913,915,917,918,920,923,924,925,927,928,930,931,935,936,938,940,943,944,945,946,948,949,950,952,954,957,960,962,963,966,968,969,972,975
461 972 count=0 status=UNKNOWN secs=90.0 lexmin=
460 968 count=10 status=OPTIMAL secs=63.1 lexmin=103,113,127,131,137,148,158,159,178,183,186,192,204,206,212,213,214,215,216,220,221,222,224,225,230,231,237,238,240,243,244,246,247,248,249,252,254,255,256,258,259,260,261,264,265,266,267,268,270,272,273,274,275,276,279,280,282,284,285,286,287,288,291,294,295,296,297,300,301,303,304,306,308,310,312,315,316,318,320,321,322,323,324,325,327,328,329,330,333,335,336,338,339,340,341,342,344,345,348,350,351,352,354,357,360,363,364,366,368,370,371,374,375,377,378,380,385,387,388,390,391,392,395,396,399,400,402,403,404,406,407,408,410,411,412,414,415,416,418,420,423,425,426,427,428,429,430,432,434,435,436,437,438,440,441,442,444,445,448,450,451,452,455,456,459,460,462,464,465,468,469,470,472,473,474,475,476,477,480,481,483,484,486,488,490,492,493,494,495,496,497,498,500,504,505,506,507,508,510,511,513,515,517,518,520,522,524,525,527,528,530,531,532,533,534,536,539,540,544,545,546,548,549,550,551,552,553,555,558,559,560,561,564,567,568,570,572,574,575,576,580,581,583,584,585,588,589,590,592,594,595,598,600,602,603,605,608,609,611,612,615,616,618,620,621,623,624,627,629,630,632,635,636,637,638,639,640,642,644,645,646,648,649,650,651,656,657,658,660,663,664,665,666,667,670,671,672,675,676,678,679,680,682,684,685,688,689,690,693,696,697,700,702,703,704,705,707,708,710,713,714,715,720,721,725,726,728,730,731,732,735,736,738,740,741,742,744,748,750,752,754,756,759,760,762,765,767,768,770,774,775,776,777,779,780,782,783,784,786,790,791,792,793,795,798,799,800,801,803,804,805,806,808,810,812,814,816,817,819,820,825,826,828,830,832,833,836,837,840,846,847,848,850,851,852,854,855,856,858,860,861,864,868,869,870,871,872,873,874,875,876,880,882,884,888,890,891,893,896,897,899,900,901,902,903,904,909,910,912,913,915,917,918,920,923,924,925,927,928,930,931,935,936,938,940,943,944,945,946,948,949,950,952,954,957,960,962,963,966,968
458 963 count=45 status=FEASIBLE secs=90.1 lexmin=103,107,113,127,131,137,145,148,178,183,184,192,203,204,206,208,213,215,216,220,221,222,224,225,228,230,231,238,243,244,246,247,248,249,252,253,254,255,256,258,259,260,264,265,266,267,268,270,272,273,274,275,276,279,280,282,284,285,286,287,288,290,291,294,295,296,297,299,300,301,303,304,306,308,310,312,315,319,320,322,323,324,325,327,328,329,330,333,335,336,338,339,340,341,342,344,345,348,350,351,352,354,357,360,364,366,368,370,371,372,374,375,377,378,380,385,387,388,390,391,392,395,396,399,400,402,403,404,406,407,408,410,411,412,413,414,415,416,418,420,423,424,425,426,427,428,429,430,432,434,435,436,437,438,440,441,442,444,445,448,450,451,452,455,456,459,460,462,464,465,468,469,470,473,474,475,476,480,481,483,484,486,488,490,492,493,494,495,496,497,498,500,504,505,506,507,508,510,511,513,515,517,518,520,522,524,525,527,528,530,531,532,533,534,535,536,539,540,544,545,546,548,549,550,551,552,553,555,558,559,560,561,564,567,568,570,572,574,575,576,580,581,583,584,585,588,590,592,594,595,598,600,602,603,605,608,609,611,612,615,616,618,620,621,623,624,627,629,630,635,636,637,638,639,640,642,644,645,646,648,650,651,656,657,658,660,663,664,665,666,667,670,671,672,675,676,678,679,680,682,684,685,688,689,690,693,696,697,700,702,703,704,705,707,708,710,711,713,714,715,720,721,725,726,728,730,731,732,735,736,738,740,741,742,744,748,749,750,752,754,756,759,760,762,765,767,768,770,774,775,776,777,779,780,782,783,784,786,790,791,792,793,795,798,799,800,801,803,804,805,806,808,810,812,814,816,817,819,820,825,826,828,830,832,833,836,837,840,846,847,848,850,851,852,854,855,856,858,860,861,864,868,869,870,871,872,873,874,875,876,880,882,884,885,888,890,891,893,896,897,899,900,901,902,903,904,909,910,912,913,915,917,918,920,923,924,925,927,928,930,931,935,936,938,940,943,944,945,946,948,949,950,952,954,957,960,962,963
457 962 count=43 status=FEASIBLE secs=90.1 lexmin=103,113,127,131,137,145,148,158,177,178,183,184,187,192,203,206,213,215,216,222,224,225,228,230,231,234,236,237,238,240,243,244,246,247,248,249,252,253,254,255,256,258,259,264,265,266,267,268,270,272,273,274,275,276,279,280,282,284,285,286,287,288,290,291,294,295,296,297,299,300,301,303,304,306,308,310,312,315,316,319,320,322,323,324,325,327,328,329,330,333,335,336,338,339,340,341,342,344,345,348,350,351,352,357,360,364,366,368,370,371,372,374,375,377,378,380,385,387,388,390,391,392,395,396,399,400,402,403,404,406,407,408,410,411,412,413,414,415,416,418,420,423,424,425,426,427,429,430,432,434,435,436,437,438,440,441,442,444,445,448,450,451,452,455,456,459,460,462,464,465,468,469,470,472,473,474,475,476,480,481,483,484,486,488,490,492,493,494,495,496,497,498,500,504,505,506,507,508,510,511,513,515,517,518,520,522,524,525,527,528,530,532,533,534,535,536,539,540,544,545,546,548,549,550,551,552,553,555,558,559,560,561,564,567,568,570,572,574,575,576,580,581,583,584,585,588,590,592,594,595,598,600,602,603,605,608,609,611,612,615,616,618,620,621,623,624,627,629,630,632,635,636,637,638,639,640,642,644,645,646,648,649,650,651,656,657,658,660,663,664,665,666,667,670,671,672,675,676,678,679,680,682,684,685,688,689,690,693,696,697,700,702,703,704,705,707,708,710,713,714,715,720,721,725,726,728,730,731,732,735,736,738,740,741,742,744,748,749,750,752,754,756,759,760,762,765,767,768,770,774,775,776,777,779,780,782,783,784,786,790,791,792,793,795,798,799,800,801,803,804,805,806,808,810,812,814,816,817,819,820,825,826,828,830,832,833,836,837,840,846,847,848,850,851,852,854,855,858,860,861,864,868,869,870,871,872,873,874,875,876,880,882,884,885,888,890,891,893,896,897,899,900,901,902,903,904,909,910,912,913,915,917,918,920,923,924,925,927,928,930,931,935,936,938,940,943,944,945,946,948,949,950,952,954,957,960,962
456 960 count=14 status=FEASIBLE secs=90.0 lexmin=103,113,121,127,131,137,158,177,178,183,184,185,192,204,206,210,213,215,216,220,221,222,224,225,230,231,232,234,236,237,238,240,242,243,244,246,247,249,252,253,254,255,256,258,259,260,264,265,266,267,268,270,272,273,274,275,276,279,282,284,285,286,287,288,290,291,294,295,297,299,300,301,303,304,306,308,312,315,316,319,320,322,323,324,325,327,328,329,330,333,335,336,338,339,340,342,344,345,348,350,351,352,357,360,363,364,366,368,370,371,372,374,375,378,380,385,387,388,390,391,392,395,396,399,400,402,403,404,406,407,408,410,411,412,413,414,415,416,418,420,423,424,425,426,427,429,430,432,434,435,436,437,438,440,441,442,444,445,448,450,451,452,455,456,459,460,462,464,465,468,469,470,472,473,474,475,476,480,481,483,484,486,488,490,492,493,494,495,496,497,498,500,504,505,506,507,508,510,511,513,515,517,518,520,522,524,525,527,528,530,532,533,534,535,536,539,540,544,545,546,548,549,550,551,552,553,555,558,559,560,561,564,567,568,570,572,574,575,576,580,581,583,584,585,588,589,590,592,594,595,598,600,602,603,605,608,609,611,612,615,616,618,620,621,623,624,627,629,630,632,635,636,637,638,639,640,642,644,645,646,648,649,650,651,656,657,658,660,663,664,665,666,667,670,671,672,675,676,678,679,680,682,684,685,688,689,690,693,696,697,700,702,703,704,705,707,708,710,713,714,715,720,721,725,726,728,730,731,732,735,736,738,740,741,742,744,748,749,750,752,754,756,759,760,762,765,767,768,770,774,775,776,777,779,780,782,783,784,786,790,791,792,793,795,798,799,800,801,803,804,805,806,808,810,812,814,816,817,819,820,825,826,828,830,832,833,836,837,840,846,847,848,850,851,852,854,855,858,860,861,864,868,869,870,871,872,873,874,875,876,880,882,884,885,888,890,891,893,896,897,899,900,901,902,903,904,909,910,912,913,915,917,918,920,923,924,925,927,928,930,931,935,936,938,940,943,944,945,946,948,949,950,952,954,957,960
455 954 count=11 status=FEASIBLE secs=90.1 lexmin=103,113,121,127,131,137,158,162,178,182,183,184,185,187,206,213,215,216,222,225,228,230,231,232,234,237,238,240,242,243,244,246,247,248,249,252,253,254,255,256,258,259,260,261,264,265,266,267,268,270,272,273,274,275,276,279,280,282,284,285,286,287,288,290,291,294,295,297,299,300,301,303,304,306,308,310,312,315,316,319,320,322,323,325,327,328,329,330,333,335,336,338,339,340,341,342,344,345,348,350,351,352,354,357,360,363,364,366,368,370,371,372,374,375,377,378,380,385,387,388,390,391,392,395,396,399,400,402,403,404,405,406,407,408,410,411,412,413,414,415,416,418,420,423,424,425,426,427,429,430,432,434,435,436,437,438,440,441,442,444,445,448,450,451,452,455,456,459,460,462,464,465,468,469,470,473,474,475,476,480,481,483,484,486,488,490,492,493,494,495,496,497,498,500,504,505,506,507,508,510,511,513,515,517,518,520,522,524,525,527,528,530,531,532,533,534,535,536,539,540,544,545,546,548,549,550,551,552,553,555,558,559,560,561,564,567,568,570,572,574,575,576,580,581,583,584,585,588,590,592,594,595,598,600,602,603,605,608,609,611,612,615,616,618,620,621,623,624,627,629,630,632,635,636,637,638,639,640,642,644,645,646,648,650,651,656,657,658,660,663,664,665,666,667,670,671,672,675,676,678,679,680,682,684,685,688,689,690,693,696,697,700,702,703,704,705,707,708,710,713,714,715,720,721,725,726,728,730,731,732,735,736,738,740,741,742,744,748,749,750,752,754,756,759,760,762,765,767,768,770,774,775,776,777,779,780,782,783,784,786,790,791,792,793,795,798,799,800,801,803,804,805,806,808,810,812,814,816,817,819,820,825,826,828,830,832,833,836,837,840,846,847,848,850,851,852,854,855,858,860,861,864,868,869,870,871,872,873,874,875,876,880,882,884,885,888,890,891,893,896,897,899,900,901,902,903,904,909,910,912,913,915,917,918,920,923,924,925,927,928,930,931,935,936,938,940,943,944,945,946,948,949,950,952,954
454 950 count=4 status=OPTIMAL secs=32.4 lexmin=103,113,127,128,131,137,158,177,178,183,184,185,186,206,208,210,212,213,215,216,221,222,224,225,230,232,234,236,237,238,240,243,244,246,247,248,249,252,253,254,255,256,258,259,260,261,264,266,267,268,270,272,274,275,276,279,280,282,284,285,286,287,288,290,291,294,295,297,299,300,301,303,304,306,308,310,312,315,316,318,319,320,322,323,324,325,327,328,329,330,333,335,336,338,339,340,341,342,344,345,348,350,351,352,357,360,364,366,368,370,371,374,375,377,378,380,384,385,387,388,390,391,392,395,396,399,400,402,403,404,406,407,408,410,411,412,413,414,415,416,418,420,423,425,426,427,429,430,432,434,435,436,437,438,440,441,442,444,445,448,450,451,452,455,456,459,460,462,464,465,468,469,470,472,473,474,475,476,477,480,481,483,484,486,488,490,492,493,494,495,496,497,498,500,504,505,506,507,508,510,511,513,515,517,518,520,522,524,525,527,528,530,532,533,534,535,536,539,540,544,545,546,548,549,550,551,552,553,555,558,559,560,561,564,567,568,570,572,574,575,576,580,581,583,584,585,588,589,590,592,594,595,598,600,602,603,605,608,609,611,612,615,616,618,620,621,623,624,627,629,630,632,635,636,637,638,639,640,642,644,645,646,648,649,650,651,656,657,658,660,663,664,665,666,667,670,671,672,675,676,678,679,680,682,684,685,688,689,690,693,696,697,700,702,703,704,705,707,708,710,713,714,715,720,721,725,726,728,730,731,732,735,736,738,740,741,742,744,748,749,750,752,754,756,759,760,762,765,767,768,770,774,775,776,777,779,780,782,783,784,786,790,791,792,793,795,798,799,800,801,803,804,805,806,808,810,812,814,816,817,819,820,825,826,828,830,832,833,836,837,840,846,847,848,850,851,852,854,855,858,860,861,864,868,869,870,871,872,873,874,875,876,880,882,884,885,888,890,891,893,896,897,899,900,901,902,903,904,909,910,912,913,915,917,918,920,923,924,925,927,928,930,931,935,936,938,940,943,944,945,946,948,949,950
453 949 count=27 status=FEASIBLE secs=90.1 lexmin=103,113,118,127,131,137,142,158,177,178,183,184,185,186,200,206,210,212,215,216,220,221,222,225,228,230,232,237,238,240,243,244,246,247,248,249,252,253,254,255,256,258,259,260,261,264,266,267,268,270,272,273,274,275,276,279,280,282,284,285,287,288,290,291,294,297,299,300,301,303,304,306,308,310,312,315,316,318,319,320,322,323,324,325,327,328,329,330,333,335,336,338,339,340,341,342,344,345,348,350,351,352,354,355,357,360,364,366,368,370,371,374,375,377,378,380,385,387,388,390,391,392,395,396,399,400,402,403,404,406,407,408,410,411,412,413,414,415,416,418,420,423,425,426,427,429,430,432,434,435,436,437,438,440,441,442,444,445,448,450,451,452,455,456,459,460,462,464,465,468,469,470,472,473,474,475,476,477,480,481,483,484,486,488,490,492,493,494,495,496,497,498,500,504,505,506,507,508,510,511,513,515,517,518,520,522,524,525,527,528,530,531,532,533,534,535,536,539,540,544,545,546,548,549,550,551,552,553,555,558,559,560,561,564,567,568,570,572,574,575,576,580,581,583,584,585,588,589,590,592,594,595,598,600,602,603,605,608,609,611,612,615,616,618,620,621,623,624,627,629,630,632,635,636,637,638,639,640,642,644,645,646,648,649,650,651,656,657,658,660,663,664,665,666,667,670,671,672,675,676,678,679,680,682,684,685,688,689,690,693,696,697,700,702,703,704,705,707,708,710,713,714,715,720,721,725,726,728,730,731,732,735,736,738,740,741,742,744,748,749,750,752,754,756,759,760,762,765,767,768,770,774,775,776,777,779,780,781,782,783,784,786,790,791,792,793,795,798,799,800,801,803,804,805,806,808,810,812,814,816,817,819,820,825,826,828,830,832,833,836,837,840,846,847,848,850,851,852,854,855,858,860,861,864,868,869,870,871,872,873,874,875,876,880,882,884,885,888,890,891,893,896,897,899,900,901,902,903,904,909,910,912,913,915,917,918,920,924,925,927,928,930,931,935,936,938,940,943,944,945,946,948,949
452 948 count=38 status=FEASIBLE secs=90.1 lexmin=103,113,118,127,131,137,146,177,178,183,184,185,186,200,206,208,210,212,213,215,216,219,221,222,225,228,230,232,234,238,243,244,246,247,248,249,252,253,254,255,256,258,259,260,261,264,266,267,268,270,272,273,274,275,276,279,280,282,284,285,286,287,288,290,291,292,294,297,299,300,301,303,304,306,308,310,312,315,318,319,320,322,323,324,325,327,328,329,330,333,335,336,338,339,340,341,342,344,345,348,350,351,352,354,357,360,364,365,366,368,370,371,374,375,377,378,380,385,387,388,390,391,392,395,396,399,400,402,403,404,406,407,408,410,411,412,413,414,415,416,418,420,423,425,426,427,429,430,432,434,435,436,437,438,440,441,442,444,445,448,450,451,452,455,456,459,460,462,464,465,468,469,470,472,473,474,475,476,477,480,481,483,484,486,488,490,492,493,494,495,496,497,498,500,504,505,506,507,508,510,511,513,515,517,518,520,522,524,525,527,528,530,531,532,533,534,535,536,539,540,544,545,546,548,549,550,551,552,553,555,558,559,560,561,564,567,568,570,572,574,575,576,580,581,583,584,585,588,589,590,592,594,595,598,600,602,603,605,608,609,611,612,615,616,618,620,621,623,624,627,629,630,635,636,637,638,639,640,642,644,645,646,648,649,650,651,656,657,658,660,663,664,665,666,667,670,671,672,675,676,678,679,680,682,684,685,688,689,690,693,696,697,700,702,703,704,705,707,708,710,711,713,714,715,720,721,725,726,728,730,731,732,735,736,738,740,741,742,744,748,749,750,752,754,756,759,760,762,765,767,768,770,774,775,776,777,779,780,782,783,784,786,790,791,792,793,795,798,799,800,801,803,804,805,806,808,810,812,814,816,817,819,820,825,826,828,830,832,833,836,837,840,846,847,848,850,851,852,854,855,858,860,861,864,868,869,870,871,872,873,874,875,880,882,884,885,888,890,891,893,896,897,899,900,901,902,903,904,909,910,912,913,915,917,918,920,923,924,925,927,928,930,931,935,936,938,940,943,944,945,946,948
451 946 count=38 status=FEASIBLE secs=90.1 lexmin=103,113,118,127,131,137,146,177,178,182,183,184,185,186,200,206,212,213,215,216,219,221,222,225,228,230,232,234,237,238,240,243,244,246,247,248,249,252,253,254,255,256,258,259,260,261,264,266,267,268,270,272,274,275,276,279,280,282,284,285,286,287,288,290,291,292,294,297,299,300,301,303,304,306,308,310,312,315,316,318,319,320,322,323,324,325,327,328,329,330,333,335,336,338,339,340,341,342,344,345,348,350,351,352,354,357,360,364,365,366,368,370,371,374,375,377,378,380,385,387,388,390,391,392,396,399,400,402,403,404,406,407,408,410,411,412,413,414,415,416,418,420,423,425,426,427,429,430,432,434,435,436,437,438,440,441,442,444,445,448,450,451,452,455,456,459,460,462,464,465,468,469,470,472,473,474,475,476,477,480,481,483,484,486,488,490,492,493,494,495,496,497,498,500,504,505,506,507,508,510,511,513,515,517,518,520,522,524,525,527,528,530,531,532,533,534,535,536,539,540,544,545,546,548,549,550,551,552,555,558,559,560,561,564,567,568,570,572,574,575,576,580,581,583,584,585,588,589,590,592,594,595,598,600,602,603,605,608,609,611,612,615,616,618,620,621,623,624,627,629,630,632,635,636,637,638,639,640,642,644,645,646,648,649,650,651,656,657,658,660,663,664,665,666,667,670,671,672,675,676,678,679,680,682,684,685,688,689,690,693,696,697,700,702,703,704,705,707,708,710,711,713,714,715,720,721,725,726,728,730,731,732,735,736,738,740,741,742,744,748,749,750,752,754,756,759,760,762,765,767,768,770,774,775,776,777,779,780,782,783,784,786,790,791,792,793,795,798,799,800,801,803,804,805,806,808,810,812,814,816,817,819,820,825,826,828,830,832,833,836,837,840,846,847,848,850,851,852,854,855,858,860,861,864,868,869,870,871,872,873,874,875,880,882,884,885,888,890,891,893,896,897,899,900,901,902,903,904,909,910,912,913,915,917,918,920,923,924,925,927,928,930,931,935,936,938,940,943,944,945,946
450 945 count=24 status=FEASIBLE secs=90.0 lexmin=103,113,118,127,131,137,146,172,177,178,183,184,185,200,206,208,212,213,215,216,217,219,221,222,225,228,230,231,232,234,237,238,243,244,246,247,248,249,252,253,254,255,256,258,259,260,261,264,266,267,268,270,272,273,274,275,276,279,280,282,284,285,286,287,288,290,291,292,294,297,299,300,301,303,304,306,308,312,315,316,318,319,320,322,323,324,325,327,328,329,330,333,335,336,338,339,340,342,345,348,350,351,352,354,357,360,364,365,366,368,370,371,374,375,377,378,380,385,387,388,390,391,392,396,399,400,402,403,404,406,407,408,410,411,412,413,414,415,416,418,420,423,425,426,427,429,430,432,434,435,436,437,438,440,441,442,444,445,448,450,451,452,455,456,459,460,462,464,465,468,469,470,472,473,474,475,476,477,480,481,483,484,486,488,490,492,493,494,495,496,497,498,500,504,505,506,507,508,510,511,513,515,516,517,518,520,522,524,525,527,528,530,531,532,533,534,535,536,539,540,544,545,546,548,549,550,551,552,555,558,559,560,561,564,567,568,570,572,574,575,576,580,581,583,584,585,588,589,590,592,594,595,598,600,602,603,605,608,609,611,612,615,616,618,620,621,623,624,627,629,630,632,635,636,637,638,639,640,642,644,645,646,648,649,650,651,656,657,658,660,663,664,665,666,667,670,671,672,675,676,678,679,680,682,684,685,688,689,690,693,696,697,700,702,703,704,705,707,708,710,711,713,714,715,720,721,725,726,728,730,731,732,735,736,738,740,741,742,744,748,749,750,752,754,756,759,760,762,765,767,768,770,774,775,776,777,779,780,782,783,784,786,790,791,792,793,795,798,799,800,801,803,804,805,806,808,810,812,814,816,817,819,820,825,826,828,830,832,833,836,837,840,846,847,848,850,851,852,854,855,858,860,861,864,868,869,870,871,872,873,874,875,880,882,884,885,888,890,891,893,896,897,899,900,901,902,903,904,909,910,912,913,915,917,918,920,923,924,925,927,928,930,931,935,936,938,940,943,944,945
449 943 count=27 status=FEASIBLE secs=90.0 lexmin=103,113,127,131,137,146,159,172,178,183,184,185,186,200,206,208,212,213,215,216,219,220,221,222,225,228,230,232,234,236,237,238,240,243,244,246,247,248,249,252,253,254,255,256,258,259,260,261,264,266,267,268,272,273,274,275,276,279,280,282,284,285,286,287,288,290,291,292,294,295,297,299,300,301,303,304,306,308,310,312,315,316,318,319,320,322,323,324,325,327,328,329,330,333,335,336,338,339,340,341,342,345,348,350,351,352,357,360,364,365,366,368,370,374,375,377,378,380,385,387,388,390,391,392,396,399,400,402,403,404,406,407,408,410,411,412,413,414,415,416,418,420,423,424,425,426,427,429,430,432,434,435,436,437,438,440,441,442,444,445,448,450,451,452,455,456,459,460,462,464,465,468,469,470,473,474,475,476,477,480,481,483,484,486,488,490,492,493,494,495,496,497,498,500,504,505,506,507,508,510,511,513,515,516,517,518,520,522,524,525,527,528,530,531,532,533,534,535,536,539,540,544,545,546,548,549,550,551,552,555,558,559,560,561,564,567,568,570,572,574,575,576,580,581,583,584,585,588,589,590,592,594,595,598,600,602,603,605,608,609,611,612,615,616,618,620,621,623,624,627,629,630,632,635,636,637,638,639,640,642,644,645,646,648,649,650,651,656,657,658,660,663,664,665,666,667,670,671,672,675,676,678,679,680,682,684,685,688,689,690,693,696,697,700,702,703,704,705,707,708,710,711,713,714,715,720,721,725,726,728,730,731,732,735,736,738,740,741,742,744,748,749,750,752,754,756,759,760,762,765,767,768,770,774,775,776,777,779,780,782,783,784,786,790,791,792,793,795,798,799,800,801,803,804,805,806,808,810,812,814,816,817,819,820,825,826,828,830,832,833,836,837,840,846,847,848,850,851,852,854,855,858,860,861,864,868,869,870,871,872,873,874,875,880,882,884,885,888,890,891,893,896,897,899,900,901,902,903,904,909,910,912,913,915,917,918,920,923,924,925,927,928,930,931,935,936,938,940,943
448 940 count=17 status=FEASIBLE secs=90.0 lexmin=103,113,124,127,131,137,146,162,172,178,183,185,200,206,207,208,212,213,215,217,219,220,221,222,225,228,230,232,234,236,237,238,240,243,244,247,249,252,253,254,255,256,258,259,260,261,264,266,267,268,270,272,273,274,275,276,279,280,282,284,285,286,287,288,290,291,292,294,295,297,299,300,301,303,304,306,308,310,312,315,316,318,319,320,322,323,325,327,328,329,330,333,335,336,338,339,340,341,342,345,348,350,351,352,357,360,364,365,366,368,369,370,371,372,374,375,377,378,380,385,387,388,390,391,392,396,399,400,402,403,404,405,406,407,408,410,411,412,413,414,415,416,418,420,423,425,426,427,429,430,432,434,435,436,437,438,440,441,442,444,445,448,450,451,452,455,456,459,460,462,464,465,468,469,470,473,474,475,476,477,480,481,483,484,486,488,490,492,493,494,495,496,497,498,500,504,505,506,507,508,510,511,513,515,516,517,518,520,522,524,525,527,528,530,531,532,533,534,535,536,539,540,544,545,546,548,549,550,551,552,555,558,559,560,561,564,567,568,570,572,574,575,576,580,581,583,584,585,588,589,590,592,594,595,598,600,602,603,605,608,609,611,612,615,616,618,620,623,624,627,629,630,632,635,636,637,638,639,640,642,644,645,646,648,649,650,651,656,657,658,660,663,664,665,666,667,670,671,672,675,676,678,679,680,682,684,685,688,689,690,693,696,697,700,702,703,704,705,707,708,710,711,713,714,715,720,721,725,726,728,730,731,732,735,736,738,740,741,742,744,748,749,750,752,754,756,759,760,762,765,767,768,770,774,775,776,777,779,780,782,783,784,786,790,791,792,793,795,798,799,800,801,803,804,805,806,808,810,812,814,816,817,819,820,825,826,828,830,832,833,836,837,840,846,847,848,850,851,852,854,855,858,860,861,864,868,869,870,871,872,873,874,875,880,882,884,885,888,890,891,893,896,897,899,900,901,902,903,904,909,910,912,913,915,917,918,920,923,924,925,927,928,930,931,935,936,938,940
447 938 count=11 status=FEASIBLE secs=90.0 lexmin=103,113,124,127,131,137,146,172,178,183,184,185,189,200,206,207,208,210,212,213,215,217,219,220,221,222,225,228,232,234,236,237,238,240,243,244,247,249,252,253,254,255,256,258,259,260,261,264,266,267,268,270,272,273,274,275,279,280,282,284,285,286,287,288,290,291,292,294,295,297,299,300,301,303,304,306,308,310,312,315,316,318,319,320,322,323,324,325,327,328,330,333,335,336,338,339,340,341,342,345,348,350,351,352,357,360,364,365,366,368,369,370,371,372,374,375,376,377,378,380,385,387,388,390,391,392,396,399,400,402,403,404,406,407,408,410,411,412,413,414,415,416,418,420,423,425,426,427,429,430,432,434,435,436,437,438,440,441,442,444,445,448,450,451,452,455,456,459,460,462,464,465,468,469,473,474,475,476,477,480,481,483,484,486,488,490,492,493,494,495,496,497,498,500,504,505,506,507,508,510,511,513,515,516,517,518,520,522,524,525,527,528,530,531,532,533,534,535,536,539,540,544,545,546,548,549,550,551,552,555,558,559,560,561,564,567,568,570,572,574,575,576,580,581,583,584,585,588,589,590,592,594,595,598,600,602,603,605,608,609,611,612,615,616,618,620,621,623,624,627,629,630,632,635,636,637,638,639,640,642,644,645,646,648,649,650,651,656,657,658,660,663,664,665,666,667,670,671,672,675,676,678,679,680,682,684,685,688,689,690,693,696,697,700,702,703,704,705,707,708,710,711,713,714,715,720,721,725,726,728,730,731,732,735,736,738,740,741,742,744,748,749,750,752,754,756,759,760,762,765,767,768,770,774,775,776,777,779,780,782,783,784,786,790,791,792,793,795,798,799,800,801,803,804,805,806,808,810,812,814,816,817,819,820,825,826,828,830,832,833,836,837,840,846,847,848,850,851,852,854,855,858,860,861,864,868,869,870,871,872,873,874,875,880,882,884,885,888,890,891,893,896,897,899,900,901,902,903,904,909,910,912,913,915,917,918,920,923,924,925,927,928,930,931,935,936,938
446 936 count=22 status=FEASIBLE secs=90.0 lexmin=103,113,121,127,131,137,146,172,183,184,185,186,200,201,206,207,208,212,213,215,219,220,221,222,225,228,231,232,234,236,237,238,240,242,243,244,247,248,249,252,253,254,255,256,258,259,260,261,264,266,267,268,270,272,273,274,275,279,280,282,284,285,286,287,288,290,291,292,294,295,297,299,300,301,303,304,306,308,310,312,315,316,318,319,320,322,323,324,325,327,328,330,333,335,336,338,339,340,341,342,345,348,350,351,352,355,357,360,363,364,365,366,368,369,370,371,374,375,376,377,378,380,385,387,388,390,391,392,396,399,400,402,403,404,405,406,407,408,410,411,412,413,414,415,416,418,420,423,425,426,427,429,430,432,434,435,436,437,438,440,441,442,444,448,450,451,452,455,456,459,460,462,464,465,468,469,473,474,475,476,477,480,481,483,484,486,488,490,492,493,494,495,496,498,500,504,505,506,507,508,510,511,513,515,516,517,518,520,522,524,525,527,528,530,531,532,533,535,536,539,540,544,545,546,548,549,550,551,552,555,558,559,560,561,564,567,570,572,574,575,576,580,581,583,584,585,588,589,590,592,594,595,598,600,602,605,608,609,611,612,615,616,618,620,621,623,624,627,629,630,632,635,636,637,638,639,640,642,644,645,646,649,650,651,656,657,658,660,663,664,665,666,667,670,671,672,675,676,678,679,680,682,684,685,688,689,690,693,696,697,700,702,703,704,705,707,708,710,711,712,713,714,715,720,721,725,726,728,730,731,732,735,736,737,738,740,741,742,744,748,749,750,752,754,756,759,760,762,765,767,768,770,774,775,776,777,779,780,781,782,783,784,786,790,791,792,793,795,798,799,800,801,803,804,805,806,808,810,812,814,816,817,819,820,825,826,828,830,832,833,836,837,840,846,847,848,850,851,852,854,855,858,860,861,864,868,869,870,871,872,873,874,875,880,882,884,885,888,890,891,893,896,897,899,900,901,902,903,904,909,910,912,913,915,917,918,920,923,924,925,927,928,930,931,935,936
445 935 count=14 status=FEASIBLE secs=90.0 lexmin=103,113,127,128,131,137,146,155,172,178,183,184,185,186,189,200,201,206,207,212,213,215,219,220,221,222,225,228,231,232,234,236,237,238,240,243,244,247,248,249,252,253,254,255,256,258,259,261,264,266,267,268,270,272,273,274,275,280,282,284,285,286,287,290,291,292,294,295,297,299,300,301,303,304,306,308,310,312,315,316,318,319,320,322,323,324,325,327,328,330,333,335,336,338,339,340,341,342,345,348,350,351,352,357,360,364,365,366,368,369,370,371,372,374,375,376,377,378,380,384,385,387,388,390,391,392,396,399,400,402,403,404,406,407,408,410,411,412,413,414,415,416,418,420,423,425,426,427,429,430,432,434,435,436,437,438,440,441,442,444,445,448,450,451,452,455,456,459,460,462,464,465,468,469,473,474,475,476,477,480,481,483,484,486,488,490,492,493,494,495,496,497,498,500,504,505,506,507,508,510,511,513,515,516,517,518,520,522,524,525,527,528,530,531,532,533,534,535,536,539,540,544,545,546,548,549,550,551,552,555,558,559,560,561,564,567,568,570,572,574,575,576,580,581,583,584,585,588,589,590,592,594,595,598,600,602,605,608,609,611,612,615,616,618,620,621,623,624,627,629,630,632,635,636,637,638,639,640,642,644,645,646,648,649,650,651,656,657,658,660,663,664,665,666,667,670,671,672,675,676,678,679,680,682,684,685,688,689,690,693,696,697,700,702,703,704,705,707,708,710,711,713,714,715,720,721,725,726,728,730,731,732,735,736,737,738,740,741,742,744,748,749,750,752,754,756,759,760,762,765,767,768,770,774,775,776,777,779,780,782,783,784,786,790,791,792,793,795,798,799,800,801,803,804,805,806,808,810,812,814,816,817,819,820,825,826,828,830,832,833,836,837,840,846,847,848,850,851,852,854,855,858,860,861,864,868,869,870,871,872,873,874,875,880,882,884,885,888,890,891,893,896,897,899,900,901,902,903,904,909,910,912,913,915,917,918,920,923,924,925,927,928,930,931,935
444 930 count=15 status=OPTIMAL secs=80.5 lexmin=103,113,127,131,137,141,146,172,178,183,184,185,186,189,200,201,206,207,209,212,213,215,219,220,222,225,228,231,232,234,236,237,238,243,244,245,247,248,249,252,253,254,255,256,258,259,260,261,264,266,267,268,270,272,273,274,275,279,280,282,284,285,286,287,288,290,291,292,294,295,297,299,300,301,303,304,306,308,310,312,315,316,318,319,320,322,323,324,325,327,328,329,330,333,335,336,338,339,340,341,342,345,348,350,351,352,357,360,364,365,366,368,369,370,371,374,375,376,377,378,380,385,387,388,390,391,392,396,399,400,402,403,404,406,407,408,410,411,412,413,414,415,416,418,420,423,425,426,427,429,430,432,434,435,436,437,438,440,441,442,444,445,448,450,451,452,455,456,459,460,462,464,465,468,469,470,473,474,475,476,477,480,481,483,484,486,488,490,492,493,494,495,496,497,498,500,504,505,506,507,508,510,511,513,515,516,517,518,520,522,524,525,527,528,530,531,532,533,534,535,536,539,540,544,545,546,548,549,550,551,552,555,558,559,560,561,564,567,568,570,572,574,575,576,580,581,583,584,585,588,589,590,592,594,595,598,600,602,605,608,609,612,615,616,618,620,621,623,624,627,629,630,632,635,636,637,638,639,640,642,644,645,646,648,649,650,651,656,657,658,660,663,664,665,666,667,670,671,672,675,676,678,679,680,682,684,685,688,689,690,693,696,697,700,702,703,704,705,707,708,710,711,713,714,715,720,721,725,726,728,730,731,732,735,736,737,738,740,741,742,744,748,749,750,752,754,756,759,760,762,765,767,768,770,774,775,776,777,779,780,782,783,784,786,790,791,792,793,795,798,799,800,801,803,804,805,806,808,810,812,814,816,817,819,820,825,826,828,830,832,833,836,837,840,846,847,848,850,851,852,854,855,858,860,861,864,868,869,870,871,872,873,874,875,880,882,884,885,888,890,891,893,896,897,899,900,901,902,903,904,909,910,912,913,915,917,918,920,923,924,925,927,928,930
443 928 count=13 status=FEASIBLE secs=90.0 lexmin=103,113,121,127,131,137,146,169,172,178,183,184,198,200,201,206,207,208,209,210,212,213,215,216,217,219,220,225,228,232,236,237,238,240,242,244,245,247,248,249,252,253,254,255,256,258,260,261,264,266,267,268,270,272,273,274,275,279,280,282,284,285,286,287,288,290,291,292,294,295,296,297,299,300,301,303,304,306,308,312,315,316,318,319,320,322,323,324,325,327,328,330,333,335,336,338,339,340,341,342,345,348,350,351,352,357,360,363,364,365,366,368,369,371,372,374,375,376,377,378,380,385,387,388,390,391,392,396,399,400,402,403,404,405,406,407,408,410,411,412,413,414,415,416,418,420,423,425,426,427,429,430,432,434,435,436,437,438,440,441,442,444,445,448,450,451,452,455,456,459,460,462,464,465,468,469,473,474,475,476,477,480,481,483,484,488,490,492,493,494,495,496,497,498,500,504,505,506,508,510,511,513,515,516,517,518,520,522,524,525,527,528,530,531,532,533,534,535,536,539,540,544,545,546,548,549,550,551,552,555,558,559,560,561,564,567,568,570,572,574,575,576,580,581,583,584,585,588,589,590,592,594,595,598,600,602,605,608,609,611,612,615,616,618,620,621,623,624,627,629,630,632,635,636,637,638,639,640,642,644,645,646,648,649,650,651,656,657,658,660,663,664,665,666,667,670,671,672,675,676,678,679,680,682,684,685,688,689,690,693,696,697,700,702,703,704,705,707,708,710,711,713,714,715,720,721,725,726,728,730,731,732,735,736,737,738,740,741,742,744,748,749,750,752,754,756,759,760,762,765,767,768,770,774,775,776,777,779,780,782,783,784,786,790,791,792,793,795,798,799,800,801,803,804,805,806,808,810,812,814,816,817,819,820,825,826,828,830,832,833,836,837,840,845,846,847,848,850,851,852,854,855,858,860,861,864,868,869,870,871,872,873,874,875,880,882,884,885,888,890,891,893,896,897,899,900,901,902,903,904,909,910,912,913,915,917,918,920,923,924,925,927,928
442 925 count=4 status=OPTIMAL secs=30.5 lexmin=103,113,127,131,137,141,146,161,172,178,183,185,189,200,201,206,209,212,213,215,217,219,220,222,224,225,228,230,231,234,236,237,238,240,243,244,245,247,248,249,252,254,255,256,258,259,260,261,264,266,267,268,270,272,273,274,275,276,279,280,282,284,285,286,287,288,290,291,292,294,295,297,299,300,301,303,304,306,308,309,312,315,316,318,320,322,323,324,325,327,328,329,330,333,335,336,338,339,340,341,342,345,348,350,351,352,355,357,360,364,365,366,368,369,370,371,372,374,375,376,377,378,380,385,387,388,390,391,392,396,399,400,402,403,404,406,407,408,410,411,412,413,414,415,416,418,420,423,425,426,427,429,430,432,434,435,436,437,438,440,441,442,444,445,448,450,451,452,455,456,459,460,462,464,465,468,469,470,473,474,475,476,477,480,481,483,484,486,488,490,492,493,494,495,496,498,500,504,505,506,507,508,510,511,513,515,516,517,518,520,522,524,525,527,528,530,531,532,533,534,535,536,539,540,544,545,546,548,549,550,551,552,555,558,559,560,561,564,567,570,572,574,575,576,580,581,583,584,585,588,589,590,592,594,595,598,600,602,605,608,609,612,615,616,618,620,621,623,624,627,629,630,632,635,636,637,638,639,640,642,644,645,646,648,649,650,651,656,657,658,660,663,664,665,666,667,670,671,672,675,676,678,679,680,682,684,685,688,689,690,693,696,697,700,702,703,704,705,707,708,710,711,713,714,715,720,725,726,728,730,731,732,735,736,737,738,740,741,742,744,748,749,750,752,754,756,759,760,762,765,767,768,770,774,775,776,777,779,780,781,782,783,784,786,790,791,792,793,795,798,799,800,801,803,804,805,806,808,810,812,814,816,817,819,820,824,825,826,828,830,832,833,836,837,840,846,847,848,850,851,852,854,855,858,860,861,864,868,869,870,871,872,873,874,875,880,882,884,885,888,890,891,893,896,897,899,900,901,902,903,904,909,910,912,913,915,917,918,920,923,924,925
441 924 count=36 status=FEASIBLE secs=90.1 lexmin=103,113,127,131,137,141,146,161,168,172,178,183,189,198,201,206,209,210,212,213,215,217,219,220,222,224,225,228,230,234,236,237,238,240,243,244,245,247,248,249,252,254,255,256,258,259,260,261,264,266,267,268,270,272,273,274,275,276,279,280,282,284,285,286,287,288,290,291,292,294,295,296,297,299,300,301,303,304,306,308,309,312,315,316,318,320,322,323,324,325,327,328,329,330,335,336,338,339,340,341,342,345,348,350,351,352,357,360,364,365,366,368,369,370,371,372,374,375,376,377,378,380,385,387,388,390,391,392,396,399,400,402,403,404,406,407,408,410,411,412,413,414,415,416,418,420,423,425,426,427,429,430,432,434,435,436,437,438,440,441,442,444,445,448,450,451,452,455,456,459,460,462,464,465,468,469,470,473,474,475,476,477,480,481,483,484,486,488,490,492,493,494,495,496,497,498,500,504,505,506,507,508,510,511,513,515,516,517,518,520,522,524,525,527,528,530,531,532,533,534,535,536,539,540,544,545,546,548,549,550,551,552,555,558,559,560,561,564,567,568,570,572,574,575,576,580,581,583,584,585,588,589,590,592,594,595,598,600,602,605,608,609,612,615,616,618,620,621,623,624,627,629,630,632,635,636,637,638,639,640,642,644,645,646,648,649,650,651,656,657,658,660,663,664,665,666,667,670,671,672,675,676,678,679,680,682,684,685,688,689,690,693,696,697,700,702,703,704,705,707,708,710,711,713,714,715,720,725,726,728,730,731,732,735,736,737,738,740,741,742,744,748,749,750,752,754,756,759,760,762,765,767,768,770,774,775,776,777,779,780,782,783,784,786,790,791,792,793,795,798,799,800,801,803,804,805,806,808,810,812,814,816,817,819,820,824,825,826,828,830,832,833,836,837,840,846,847,848,850,851,852,854,855,858,860,861,864,868,869,870,871,872,873,874,875,880,882,884,885,888,890,891,893,896,897,899,900,901,902,903,904,909,910,912,913,915,917,918,920,923,924
440 920 count=45 status=FEASIBLE secs=90.1 lexmin=103,113,121,127,131,137,142,146,169,172,178,183,189,195,201,206,209,210,212,215,217,219,220,222,224,225,228,230,231,236,237,238,240,242,243,244,245,247,248,249,252,253,254,255,256,258,259,260,261,266,267,268,270,272,273,274,275,276,279,280,282,284,285,286,287,288,290,291,292,294,295,296,297,299,300,301,303,304,306,308,309,312,315,316,318,320,322,323,324,325,327,328,330,335,336,338,339,340,341,342,345,348,350,351,352,355,357,360,363,364,365,366,368,369,370,371,372,374,375,376,377,378,380,385,387,388,390,391,392,396,399,400,402,403,404,406,407,408,410,411,412,413,414,415,416,418,420,423,425,426,427,429,430,432,434,435,436,437,438,440,441,442,444,445,448,450,451,452,455,456,459,460,462,464,465,468,469,473,474,475,476,477,480,481,484,486,488,490,492,493,494,495,496,497,498,500,504,505,506,508,510,511,513,515,516,517,518,520,522,524,525,527,528,530,531,532,533,534,535,536,539,540,544,545,546,548,549,550,551,552,555,558,559,560,561,564,567,568,570,572,574,575,576,580,581,583,584,585,588,589,590,592,594,595,598,600,602,605,608,609,611,612,615,616,618,620,621,623,624,627,629,630,632,635,636,637,638,639,640,642,644,645,646,648,649,650,651,656,657,658,660,663,664,665,666,667,670,671,672,675,676,678,679,680,682,684,685,688,689,690,693,696,697,700,702,703,704,705,707,708,710,711,713,714,715,720,725,726,728,730,731,732,735,736,737,738,740,741,742,744,748,749,750,752,754,756,759,760,762,765,767,768,770,774,775,776,777,779,780,781,782,783,784,786,790,791,792,793,795,798,799,800,801,803,804,805,806,808,810,812,814,816,817,819,820,824,825,826,828,830,832,833,836,837,840,845,846,847,848,850,851,852,854,855,858,860,861,864,868,869,870,871,872,873,874,875,880,882,884,885,888,890,891,893,896,897,899,900,901,902,903,904,909,910,912,913,915,917,918,920
439 918 count=10 status=FEASIBLE secs=90.0 lexmin=103,113,121,127,131,137,142,146,169,172,178,180,183,189,195,201,206,207,209,212,215,216,217,219,222,224,225,228,231,236,237,238,240,242,243,244,245,247,248,249,252,254,255,256,258,259,260,261,264,266,267,268,270,272,273,274,275,276,279,280,282,284,285,286,287,288,290,291,292,294,295,296,297,299,300,301,303,304,306,308,309,312,315,316,318,320,323,324,325,327,328,330,335,336,338,339,340,341,342,345,348,350,351,352,355,357,360,363,364,365,366,368,369,370,371,372,374,375,376,377,378,380,385,387,388,390,391,392,396,399,400,402,403,404,405,406,407,408,410,411,412,413,414,415,416,418,420,423,425,426,427,429,430,432,434,435,436,437,438,440,441,442,444,445,448,450,451,452,455,456,459,460,462,464,465,468,469,473,474,475,476,477,480,481,483,484,486,488,490,492,493,494,495,496,497,498,500,504,505,506,508,510,511,513,515,516,517,518,520,522,524,525,527,528,530,531,532,533,534,535,536,539,540,544,545,546,548,549,550,551,552,555,558,559,560,561,564,567,568,570,572,574,575,576,580,581,583,584,585,588,589,590,592,594,595,598,600,602,605,608,609,611,612,615,616,618,620,621,623,624,627,629,630,632,635,636,637,638,639,640,642,644,645,646,649,650,651,656,657,658,660,663,664,665,666,667,670,671,672,675,676,678,679,680,682,684,685,688,689,690,693,696,697,700,702,703,704,705,707,708,710,711,713,714,715,720,725,726,728,730,731,732,735,736,737,738,740,741,742,744,748,749,750,752,754,756,759,760,762,765,767,768,770,774,775,776,777,779,780,781,782,783,784,786,790,791,792,793,795,798,799,800,801,803,804,805,806,808,810,812,814,816,817,819,820,824,825,826,828,830,832,833,836,837,840,845,846,847,848,850,851,852,854,855,858,860,861,864,868,869,870,871,872,873,874,875,880,882,884,885,888,890,891,893,896,897,899,900,901,902,903,904,909,910,912,913,915,917,918
438 917 count=1 status=FEASIBLE secs=90.0 lexmin=113,127,131,137,142,146,154,161,169,172,183,184,188,195,198,201,204,206,207,209,212,215,216,217,219,222,224,225,228,230,231,235,236,237,238,240,243,244,245,247,248,249,252,253,254,255,256,258,259,260,261,264,266,267,268,270,272,273,274,275,276,279,280,284,285,286,287,288,290,291,292,294,295,296,297,299,300,301,303,304,306,308,309,312,315,316,318,320,322,323,324,325,327,328,329,330,335,336,338,339,340,341,342,345,348,350,351,352,355,357,360,364,365,366,368,369,370,371,372,374,375,376,377,378,380,385,387,388,390,391,392,396,399,400,402,403,404,406,407,408,410,411,412,413,414,415,416,418,420,423,425,426,427,429,430,432,434,435,436,437,438,440,441,442,444,448,450,451,452,455,456,459,460,462,464,465,468,469,470,473,474,475,476,477,480,481,483,484,486,488,490,492,493,494,495,496,497,498,500,504,505,506,508,510,511,513,516,517,518,520,522,524,525,527,528,530,531,532,533,535,536,539,540,544,545,546,548,549,550,551,552,555,558,559,560,561,564,567,568,570,572,574,575,576,580,581,583,584,585,588,589,590,592,594,595,598,600,602,605,608,609,611,612,615,616,620,621,623,624,627,629,630,632,635,636,637,638,639,640,642,644,645,646,648,649,650,651,656,657,658,660,663,664,665,666,667,670,671,672,675,676,678,679,680,682,684,685,688,689,690,693,696,697,700,702,703,704,705,707,708,710,711,712,713,714,715,720,721,725,726,728,730,731,732,735,736,737,738,740,741,742,744,748,749,750,752,754,756,759,760,762,765,767,768,770,774,775,776,777,779,780,781,782,783,784,786,790,791,792,793,795,798,800,801,803,804,805,806,808,810,812,814,816,817,819,820,825,826,828,830,832,833,836,837,840,845,846,847,848,850,851,852,854,855,858,860,861,864,868,869,870,871,872,873,874,875,880,882,884,885,888,890,891,893,896,897,899,900,901,902,903,904,909,910,912,913,915,917
437 915 count=44 status=FEASIBLE secs=90.1 lexmin=103,113,121,127,137,142,146,161,172,174,178,182,183,184,198,201,206,207,209,212,215,216,217,219,220,222,224,225,228,230,231,236,237,240,242,243,244,245,247,248,249,253,254,255,256,258,259,260,264,266,267,268,270,272,273,274,275,276,279,280,282,284,285,286,287,288,290,291,292,294,295,296,297,299,300,301,303,304,306,308,309,312,315,316,318,319,320,322,323,324,325,327,328,330,335,336,338,339,340,341,342,345,348,350,351,352,355,357,360,363,364,365,366,368,369,370,371,372,374,375,376,377,378,380,385,387,388,390,391,392,396,399,400,402,403,404,406,407,408,410,411,412,413,414,415,416,418,420,423,425,426,427,429,430,432,434,435,436,437,438,440,441,442,444,445,448,450,451,452,455,456,459,460,462,464,465,468,469,473,474,475,476,477,480,481,483,484,486,488,490,492,493,494,495,496,497,498,500,504,505,506,507,508,510,511,513,515,516,517,518,520,522,525,527,528,530,531,532,533,534,535,536,539,540,544,545,546,548,549,550,551,552,555,558,559,560,561,564,567,568,570,572,574,575,576,580,581,583,584,585,588,589,590,592,594,595,598,600,602,605,608,609,611,612,615,616,618,620,621,623,624,627,629,630,632,635,636,637,638,639,640,642,644,645,646,648,649,650,651,656,657,658,660,663,664,665,666,667,670,671,672,675,676,678,679,680,682,684,685,688,689,690,693,696,697,700,702,703,704,705,707,708,710,711,713,714,715,720,725,726,728,730,731,732,735,736,737,738,740,741,742,744,748,749,750,752,754,756,759,760,762,765,767,768,770,774,775,776,777,779,780,781,782,783,784,790,791,792,793,795,798,799,800,801,803,804,805,806,808,810,812,814,816,817,819,820,824,825,826,828,830,832,833,836,837,840,846,847,848,850,851,852,854,855,858,860,861,864,868,869,870,871,872,873,874,875,880,882,884,885,888,890,891,893,896,897,899,900,901,902,903,904,909,910,912,913,915
436 912 count=33 status=OPTIMAL secs=60.3 lexmin=103,113,121,127,137,142,146,172,178,183,184,188,201,204,206,207,208,209,212,215,216,217,219,222,224,225,228,230,234,235,236,237,238,240,242,243,244,245,247,248,249,252,253,254,255,256,258,259,260,261,264,266,267,268,270,272,273,274,275,276,279,280,284,285,286,287,288,290,291,292,294,295,296,297,299,300,301,303,304,305,306,308,309,312,315,316,318,320,322,323,324,325,327,328,329,330,335,336,338,339,340,341,342,345,348,350,351,352,355,357,360,363,364,365,366,369,370,371,372,374,375,376,377,378,380,385,387,388,390,391,392,396,399,400,402,403,404,406,407,408,410,411,412,413,414,415,416,418,420,423,425,426,427,429,430,432,434,435,436,437,438,440,441,442,444,445,448,450,451,452,455,456,459,460,462,464,465,468,469,470,473,474,475,476,477,480,481,483,484,486,488,490,492,493,494,495,496,497,498,500,504,505,506,507,508,510,511,513,515,516,517,518,520,522,525,527,528,530,531,532,533,534,535,536,539,540,544,545,546,548,549,550,551,552,555,558,559,560,561,564,567,568,570,572,574,575,576,580,581,583,584,585,588,589,590,592,594,595,598,600,602,605,608,609,610,611,612,615,616,618,620,621,623,624,627,629,630,632,635,636,637,638,639,640,642,644,645,646,648,649,650,651,656,657,658,660,663,665,666,667,670,671,672,675,676,678,679,680,682,684,685,688,689,690,693,696,697,700,702,703,704,705,707,708,710,711,713,714,715,720,725,726,728,730,731,732,735,736,737,738,740,741,742,744,747,748,749,750,752,754,756,759,760,762,765,767,768,770,774,775,776,777,779,780,781,782,783,784,790,791,792,795,798,800,801,803,804,805,806,808,810,812,814,816,817,819,820,824,825,826,828,830,832,833,836,837,840,846,847,848,850,851,852,854,855,858,860,861,864,868,869,870,871,872,873,874,875,880,882,884,885,888,890,891,893,896,897,899,900,901,902,903,904,909,910,912
