witness ../witnesses/witness_n8_max3228.txt, k = 3230, p = 2
     q  |G(q)|  kept  v_p(K_q)  v_p(running)  K_q
  2048       1     0       inf           inf  0  [2048] keeps []
  1024       2     2        -8            -8  1/768  [1024, 3072] keeps [1024, 3072]
   512       3     2        -8            -7  3/1280  [512, 1536, 2560] keeps [512, 2560]
   256       6     6        -6            -7  1627/221760  [256, 768, 1280, 1792, 2304, 2816] keeps [256, 768, 1280, 1792, 2304, 2816]
   128      13    13        -7            -4  3788707301/214169155200  
    64      25    24        -5            -5  3997155388139085509/99969177556322474400  
    32      34    34        -4            -5  859942704029/10314539492400  
    16      24    24        -2            -5  5171/36036  
     8       8     8         3            -5  8/35  
     4       2     2         0            -5  1/3  [4, 12] keeps [4, 12]
     2       1     1        -1            -5  1/2  [2] keeps [2]

witness ../witnesses/witness_n7_max1243.txt, k = 1243, p = 2
     q  |G(q)|  kept  v_p(K_q)  v_p(running)  K_q
  1024       1     0       inf           inf  0  [1024] keeps []
   512       1     0       inf           inf  0  [512] keeps []
   256       2     2        -6            -6  1/192  [256, 768] keeps [256, 768]
   128       5     4        -6            -4  37/2880  [128, 384, 640, 896, 1152] keeps [128, 384, 640, 1152]
    64      10    10        -4            -2  7759469/232792560  
    32      18    18        -3            -3  2738032559863/36100888223400  
    16      17    17        -4            -4  9167/65520  
     8       8     8         3            -4  8/35  
     4       2     2         0            -4  1/3  [4, 12] keeps [4, 12]
     2       1     1        -1            -4  1/2  [2] keeps [2]
