# A101877 lower-bound certificate: n K F  then lines  p x lambda  (sum over p of lambda <= floor(2^F/x))
6 468 48
2 2 140737488355328
2 4 70368744177664
2 6 23456248059221
2 8 35184372088832
2 10 14073748835533
2 12 11728124029611
2 14 10052677739666
2 16 17592186044416
2 18 7818749353074
2 20 7036874417766
2 22 6397158561606
2 24 5864062014805
2 26 5412980321359
2 28 5026338869833
2 30 3127499741230
2 32 8796093022208
2 34 4139337892804
2 36 3909374676537
2 38 3703618114614
2 40 3518437208883
2 42 2233928386593
2 44 3198579280803
2 46 3059510616420
2 48 2932031007403
2 50 2814749767107
2 52 2706490160679
2 54 2606249784358
2 56 2513169434917
2 58 2426508419919
2 60 1563749870616
2 62 2269959489602
2 64 4398046511104
2 66 1421590791469
2 68 2069668946402
2 70 1340357031956
2 72 1954687338268
2 74 1901857950748
2 76 1851809057307
2 78 1202884515858
2 80 1759218604442
2 82 1716310833602
2 84 1116964193296
2 86 1636482422736
2 88 1599289640401
2 90 1042499913743
2 92 1529755308210
2 94 1497207322929
2 96 1466015503701
2 98 1436096819952
2 100 1407374883553
2 102 919852865068
2 104 1353245080340
2 106 1319805880361
2 108 1303124892179
2 110 852954474882
2 112 1256584717458
2 114 823026247693
2 116 1213254209960
2 118 916831389667
2 120 781874935308
2 122 1153585970126
2 124 1134979744801
2 126 744642795532
2 128 2199023255552
2 130 721730709515
2 132 710795395735
2 134 1050279763846
2 136 1034834473201
2 138 679891248094
2 140 670178515979
2 144 977343669134
2 148 950928975374
2 150 625499948247
2 152 925904528653
2 154 609253196344
2 156 601442257930
2 160 879609302221
2 162 868749928119
2 164 858155416801
2 168 558482096648
2 170 551911719041
2 172 415114859676
2 174 539224093316
2 176 799644820201
2 180 521249956872
2 182 515521935368
2 184 764877654105
2 186 504435442135
2 188 748603661465
2 190 493815748615
2 192 733007751851
2 196 718048409976
2 198 473863597157
2 200 703687441777
2 204 429110237989
2 208 676622540170
2 210 335089257991
2 212 663856077148
2 216 651562446089
2 220 426477237441
2 222 253204078154
2 224 628292358729
2 228 411513123847
2 230 407934748856
2 232 606627104980
2 234 358414925781
2 238 394222656458
2 240 390937467655
2 242 581559869237
2 244 183943065806
2 246 338855511261
2 248 567489872401
2 250 562949953421
2 252 372321397766
2 258 355756486673
2 260 360865354757
2 264 355397697868
2 266 322455600451
2 268 525139881923
2 270 347499971249
2 272 517417236600
2 276 339945624048
2 280 335089257990
2 282 332712738430
2 286 242008525936
2 288 488671834567
2 290 323534455989
2 294 319132626656
2 296 233862884072
2 300 312749974124
2 304 462952264327
2 306 306617621689
2 308 304626598173
2 310 302661265280
2 312 300721128965
2 318 -10884599155
2 320 439804651110
2 322 291381963469
2 324 434374964060
2 328 315817360955
2 330 207932421502
2 336 279241048324
2 340 275955859520
2 342 244072148291
2 344 409120605684
2 348 269612046659
2 350 268071406391
2 352 399822410100
2 354 129868914940
2 360 260624978437
2 364 257760967685
2 368 124839673477
2 370 166917712963
2 372 223714272005
2 374 193735107549
2 376 374301830732
2 378 29045617756
2 380 192264399724
2 384 366503875925
2 390 180432677380
2 392 132778734379
2 396 236931798579
2 400 437894608369
2 402 233395503078
2 406 231096039992
2 408 -49157470692
2 410 7786761718
2 414 226630416031
2 416 338311270085
2 418 98048629639
2 420 266298221232
2 424 324021764639
2 430 218197656366
2 432 325781223045
2 434 61222976736
2 440 234878004201
2 442 149360519126
2 444 211317550083
2 448 314146179365
2 450 -2374681661
2 456 200790790686
2 460 293268550854
2 462 109766719582
2 464 68515025168
2 468 234833576029
3 3 93824992236885
3 6 23456248059221
3 9 31274997412295
3 12 11728124029610
3 15 9382499223689
3 18 7818749353073
3 21 6701785159778
3 24 5864062014805
3 27 10424999137431
3 30 3127499741229
3 33 4264772374404
3 36 3909374676536
3 39 3608653547573
3 42 2233928386592
3 45 3127499741230
3 48 2932031007402
3 51 2759558595203
3 54 2606249784357
3 57 2469078743076
3 60 1563749870614
3 63 2233928386593
3 66 1421590791467
3 69 2039673744280
3 72 1954687338268
3 75 1876499844738
3 78 1202884515857
3 81 3474999712477
3 84 1116964193296
3 87 1617672279946
3 90 1042499913743
3 93 1513306326401
3 96 1466015503701
3 99 1421590791468
3 102 919852865067
3 105 893571354637
3 108 1303124892178
3 111 1267905300498
3 114 823026247691
3 117 1202884515858
3 120 781874935307
3 123 1144207222401
3 126 744642795530
3 129 1090988281824
3 132 710795395733
3 135 1042499913743
3 138 679891248093
3 141 998138215286
3 144 977343669134
3 147 836904900309
3 150 625499948245
3 153 919852865068
3 156 601442257928
3 159 885141436197
3 162 868749928119
3 165 568636316587
3 168 558482096648
3 171 823026247692
3 174 539224093315
3 177 659953616843
3 180 521249956871
3 183 769057313417
3 186 504435442133
3 189 744642795531
3 192 733007751850
3 195 481153806343
3 198 473863597155
3 204 429110237987
3 207 679891248093
3 210 335089257988
3 216 651562446089
3 222 253204078154
3 225 625499948246
3 228 411513123845
3 231 406168797562
3 234 358414925779
3 240 390937467653
3 246 338855511261
3 252 372321397765
3 255 367941146027
3 258 355756486673
3 261 539224093315
3 264 355397697866
3 270 347499971247
3 273 343681290245
3 276 339945624046
3 279 172902014244
3 282 332712738428
3 285 100862351077
3 288 488671834567
3 294 319132626656
3 297 544012059706
3 300 312749974122
3 306 306617621689
3 312 300721128964
3 315 297857118213
3 318 -24030495070
3 324 434374964059
3 330 207932421502
3 333 181033496551
3 336 279241048324
3 342 244072148289
3 345 271956499238
3 348 269612046657
3 351 400961505286
3 354 129868914939
3 357 262815104305
3 360 260624978435
3 363 387706579491
3 369 126177025491
3 372 147220648992
3 375 375299968948
3 378 428398897577
3 384 366503875925
3 387 355756486673
3 390 180432677378
3 396 236931798577
3 399 149777258444
3 402 233395503076
3 405 347499971248
3 408 81636291325
3 414 226630416031
3 420 134626764915
3 423 -25312762891
3 429 197630026810
3 432 325781223044
3 435 215689637326
3 441 43204490782
3 444 211317550083
3 450 52130956044
3 456 87208548796
3 459 483567830279
3 462 109766719579
3 465 201774176854
3 468 312380672171
5 5 56294995342131
5 10 14073748835532
5 15 9382499223688
5 20 7036874417766
5 25 11258999068426
5 30 3127499741229
5 35 4021071095867
5 40 3518437208883
5 45 3127499741229
5 50 2814749767106
5 55 2558863424642
5 60 1563749870614
5 65 2165192128544
5 70 1340357031955
5 75 1876499844737
5 80 1759218604441
5 85 1655735157122
5 90 1042499913743
5 95 1481447245846
5 100 1407374883553
5 105 893571354637
5 110 852954474880
5 115 1223804246568
5 120 781874935307
5 130 721730709514
5 135 1042499913743
5 140 670178515977
5 145 970603367968
5 150 625499948245
5 155 907983795841
5 160 879609302220
5 165 568636316587
5 170 551911719040
5 175 804214219173
5 180 521249956871
5 185 760743180299
5 190 493815748615
5 195 481153806343
5 200 703687441776
5 205 573263985996
5 210 335089257988
5 215 654592969095
5 220 426477237440
5 225 625499948245
5 230 407934748856
5 235 187850303545
5 240 390937467653
5 245 574438727981
5 250 562949953421
5 255 367941146027
5 260 360865354757
5 265 120052236091
5 270 347499971247
5 275 511772684928
5 280 335089257988
5 285 151337499455
5 290 323534455989
5 295 477076231713
5 300 312749974122
5 305 461434388050
5 310 302661265280
5 315 297857118212
5 320 439804651110
5 325 449863475169
5 330 207932421502
5 335 420111905538
5 340 275955859520
5 345 271956499237
5 350 268071406391
5 360 260624978435
5 370 166917712961
5 375 375299968947
5 380 148429869441
5 385 200107245708
5 390 180432677378
5 400 265792833407
5 405 347499971247
5 410 -18231712913
5 420 134626764915
5 425 295089424574
5 430 218197656364
5 435 215689637326
5 440 168642249936
5 450 575743673862
5 455 163993856120
5 460 159316786215
5 465 201774176853
7 7 40210710958665
7 14 10052677739666
7 21 6701785159777
7 28 5026338869833
7 35 4021071095866
7 42 2233928386592
7 49 5744387279809
7 56 2513169434916
7 63 2233928386592
7 70 1340357031955
7 77 1827759589030
7 84 1116964193296
7 91 1546565806103
7 98 1436096819952
7 105 893571354637
7 112 1256584717458
7 119 1182667969373
7 126 744642795530
7 133 1058176604175
7 140 670178515977
7 147 1077890859627
7 154 609253196343
7 161 874145890406
7 168 558482096648
7 175 804214219173
7 182 515521935367
7 189 744642795530
7 196 718048409976
7 203 693288119977
7 210 335089257988
7 217 648559854172
7 224 628292358729
7 231 406168797562
7 238 394222656457
7 245 574438727980
7 252 372321397765
7 259 460620311054
7 266 322455600451
7 273 343681290245
7 280 335089257988
7 287 447827627680
7 294 319132626656
7 301 459660132561
7 308 304626598171
7 315 297857118212
7 322 291381963468
7 329 427773520837
7 336 279241048324
7 350 268071406391
7 357 262815104305
7 364 257760967683
7 371 172265380
7 378 287198280197
7 385 263335992110
7 392 585269675597
7 399 149777258443
7 406 231096039992
7 413 340768736938
7 420 134626764915
7 427 123052124324
7 434 287616307490
7 441 595060762530
7 448 314146179364
7 455 235850717939
7 462 109766719579
11 11 25588634246423
11 22 6397158561605
11 33 4264772374403
11 44 3198579280802
11 55 2558863424642
11 66 1421590791467
11 77 1827759589030
11 88 1599289640401
11 99 1421590791467
11 110 852954474880
11 121 2326239476947
11 132 710795395733
11 143 984178240247
11 154 609253196343
11 165 568636316587
11 176 799644820200
11 187 752606889601
11 198 473863597155
11 209 673385111748
11 220 426477237440
11 231 406168797562
11 242 581559869236
11 253 556274657531
11 264 355397697866
11 275 511772684928
11 286 500161188377
11 297 403715134605
11 308 304626598171
11 319 441183349076
11 330 229157210374
11 341 333220709463
11 352 399822410100
11 363 387706579491
11 374 256963853952
11 385 267660597794
11 396 236931798577
11 407 492663936135
11 418 225688368155
11 429 260858773212
11 440 236195602023
11 451 274815816212
11 462 279953037603
13 13 21651921285435
13 26 5412980321358
13 39 3608653547572
13 52 2706490160679
13 65 2165192128543
13 78 1202884515857
13 91 1546565806102
13 104 1353245080339
13 117 1202884515857
13 130 721730709514
13 143 984178240247
13 156 601442257928
13 182 515521935367
13 195 481153806343
13 208 676622540169
13 221 636821214278
13 234 486054664297
13 247 569787402248
13 260 360865354757
13 273 343681290245
13 286 242008525934
13 299 470693940988
13 312 300721128964
13 325 416213376248
13 351 400961505285
13 364 257760967683
13 377 373308987680
13 390 180432677378
13 403 367914524339
13 416 338311270084
13 429 197630026809
13 442 204148411387
13 455 218781748382
13 468 54228009728
17 17 16557351571215
17 34 4139337892803
17 51 2759558595202
17 68 2069668946401
17 85 1655735157121
17 102 919852865067
17 119 1182667969372
17 136 1034834473200
17 153 919852865067
17 170 551911719040
17 187 752606889600
17 204 521558821625
17 221 636821214277
17 238 394222656457
17 255 367941146027
17 272 517417236600
17 306 306617621689
17 323 435719778190
17 340 275955859520
17 357 262815104305
17 374 301907928099
17 391 399907181464
17 408 657410828167
17 425 367204638274
17 442 283312283764
17 459 129667413099
19 19 14814472458455
19 38 3703618114613
19 57 2469078743075
19 76 1851809057306
19 95 1481447245845
19 114 823026247691
19 133 1058176604175
19 152 925904528653
19 171 823026247691
19 190 493815748615
19 209 673385111747
19 228 411513123845
19 247 569787402248
19 266 413265403273
19 285 735431646698
19 304 462952264326
19 323 435719778189
19 342 334881951111
19 380 400029353757
19 399 405896552563
19 418 349648113953
19 437 317367916887
19 456 329270346286
23 23 12238042465680
23 46 3059510616420
23 69 2039673744280
23 92 1529755308210
23 115 1223804246568
23 138 679891248093
23 161 874145890405
23 184 764877654105
23 207 679891248093
23 230 407934748856
23 253 556274657530
23 276 339945624046
23 299 470693940987
23 322 291381963468
23 345 271956499237
23 368 640037980628
23 391 319977669458
23 414 226630416031
23 437 326739581306
23 460 159316786215
29 29 9706033679677
29 58 2426508419919
29 87 1617672279946
29 116 1213254209959
29 145 970603367967
29 174 539224093315
29 203 693288119976
29 232 606627104979
29 261 539224093315
29 290 323534455989
29 319 441183349076
29 348 269612046657
29 377 373308987679
29 406 231096039992
29 435 215689637326
29 464 538112079811
31 31 9079837958408
31 62 2269959489602
31 93 1513306326401
31 124 1134979744801
31 155 907983795840
31 186 504435442133
31 217 648559854172
31 248 567489872400
31 279 835968870023
31 310 302661265280
31 341 492219104937
31 372 385718242203
31 403 330534549384
31 434 299720569946
31 465 201774176853
37 37 7607431802990
37 74 1901857950747
37 111 1267905300498
37 148 950928975373
37 185 760743180299
37 222 761497144190
37 259 626155660801
37 296 717066091301
37 333 664236703781
37 370 426907754375
37 407 198920773227
37 444 211317550083
41 41 6865243334406
41 82 1716310833601
41 123 1144207222401
41 164 858155416800
41 205 799784680885
41 246 466496199879
41 287 532921420092
41 328 542338055845
41 369 636627789443
41 410 696969284635
41 451 349297214188
43 43 6545929690945
43 86 1636482422736
43 129 1090988281824
43 172 1221367563060
43 215 654592969094
43 258 379475308478
43 301 475472680431
43 344 409120605684
43 387 371569034543
43 430 218197656364
47 47 5988829291716
47 94 1497207322929
47 141 998138215286
47 188 748603661464
47 235 1009915554798
47 282 332712738428
47 329 427773520836
47 376 374301830732
47 423 690738239748
53 53 5310848617182
53 106 1335618428230
53 159 885141436197
53 212 663856077147
53 265 942117487345
53 318 920056530422
53 371 758520394217
53 424 339834312508
59 118 1468549768897
59 177 930300488866
59 295 477076231712
59 354 535389222975
59 413 340768736937
61 61 4614343880502
61 122 1153585970125
61 183 769057313417
61 244 969642904319
61 305 461434388050
61 427 536139858604
67 134 1050279763845
67 268 525139881922
67 335 420111905538
67 402 233395503076
