# A101877 lower-bound certificate: n K F  then lines  p x lambda  (sum over p of lambda <= floor(2^F/x))
4 64 48
2 2 140737488355328
2 4 70368744177664
2 6 23456248059221
2 8 35184372088832
2 10 14073748835533
2 12 11728124029611
2 14 10052677739666
2 16 17592186044416
2 18 7818749353074
2 20 7036874417766
2 22 6397158561606
2 24 5864062014805
2 26 5412980321359
2 28 5026338869833
2 30 3127499741230
2 36 3909374676537
2 40 3518437208883
2 42 2233928386593
2 44 3198579280803
2 48 2932031007403
2 52 2706490160679
2 54 2606249784358
2 56 2513169434917
2 60 1563749870616
3 3 93824992236885
3 6 23456248059221
3 9 31274997412295
3 12 11728124029610
3 15 9382499223689
3 18 7818749353073
3 21 6701785159778
3 24 5864062014805
3 27 10424999137431
3 30 3127499741229
3 33 4264772374404
3 36 3909374676536
3 39 3608653547573
3 42 2233928386592
3 45 3127499741230
3 48 2932031007402
3 54 2606249784357
3 60 1563749870614
3 63 2233928386593
5 5 56294995342131
5 10 14073748835532
5 15 9382499223688
5 20 7036874417766
5 30 3127499741229
5 35 4021071095867
5 40 3518437208883
5 45 3127499741229
5 55 2558863424642
5 60 1563749870614
7 7 40210710958665
7 14 10052677739666
7 21 6701785159777
7 28 5026338869833
7 35 4021071095866
7 42 2233928386592
7 56 2513169434916
7 63 2233928386592
11 11 25588634246423
11 22 6397158561605
11 33 4264772374403
11 44 3198579280802
11 55 2558863424642
13 26 5412980321358
13 39 3608653547572
13 52 2706490160679
