# A101877 lower-bound certificate: n K F  then lines  p x lambda  (sum over p of lambda <= floor(2^F/x))
5 183 48
2 2 140737488355328
2 4 70368744177664
2 6 23456248059221
2 8 35184372088832
2 10 14073748835533
2 12 11728124029611
2 14 10052677739666
2 16 17592186044416
2 18 7818749353074
2 20 7036874417766
2 22 6397158561606
2 24 5864062014805
2 26 5412980321359
2 28 5026338869833
2 30 3127499741230
2 32 8796093022208
2 34 4139337892804
2 36 3909374676537
2 38 3703618114614
2 40 3518437208883
2 42 2233928386593
2 44 3198579280803
2 46 2543048777170
2 48 2932031007403
2 50 2814749767107
2 52 2706490160679
2 54 2606249784358
2 56 2513169434917
2 58 520756608865
2 60 1563749870616
2 62 2269959489602
2 66 1392698331204
2 68 2069668946402
2 70 1340357031956
2 72 1954687338268
2 76 1851809057307
2 78 1202884515858
2 80 1759218604442
2 84 1116964193296
2 88 1599289640401
2 90 1042499913743
2 92 1013293468960
2 96 1532385677202
2 100 267552226972
2 102 818887383482
2 104 1353245080340
2 108 1303124892179
2 110 824062014617
2 112 1256584717458
2 114 658246206247
2 116 1213254209960
2 120 781874935308
2 126 697955792968
2 130 721730709515
2 132 -108618939284
2 136 1034834473201
2 138 679891248094
2 140 670178515979
2 144 977343669134
2 150 290413532085
2 152 761124487207
2 154 287294277825
2 156 601442257930
2 160 1996271702738
2 162 868749928119
2 168 321207328364
2 170 551911719041
2 174 -202811299474
2 176 345809270971
2 180 449247905086
2 182 -265891652922
3 3 93824992236885
3 6 23456248059221
3 9 31274997412295
3 12 11728124029610
3 15 9382499223689
3 18 7818749353073
3 21 6701785159778
3 24 5864062014805
3 27 10424999137431
3 30 3127499741229
3 33 4264772374404
3 36 3909374676536
3 39 3608653547573
3 42 2233928386592
3 45 3127499741230
3 48 2932031007402
3 51 2759558595203
3 54 2606249784357
3 57 908633696245
3 60 1563749870614
3 63 2233928386593
3 66 1392698331202
3 69 650383772476
3 72 1954687338268
3 75 1876499844738
3 78 1202884515857
3 81 3474999712477
3 84 1116964193296
3 87 -40008826873
3 90 1042499913743
3 93 1513306326401
3 96 1399645330200
3 99 1421590791468
3 102 818887383481
3 105 807188375928
3 108 1303124892178
3 114 658246206245
3 117 1202884515858
3 120 781874935307
3 126 697955792966
3 132 -49293144889
3 135 2321842739858
3 138 679891248093
3 144 977343669134
3 150 147420616654
3 153 818887383482
3 156 601442257928
3 162 868749928119
3 165 334734456575
3 168 443012008784
3 171 642499524915
3 174 -116812632245
3 180 249396519738
5 5 56294995342131
5 10 14073748835532
5 15 9382499223688
5 20 7036874417766
5 25 11258999068426
5 30 3127499741229
5 35 4021071095867
5 40 3518437208883
5 45 3127499741229
5 50 2814749767106
5 55 2558863424642
5 60 1563749870614
5 65 2165192128544
5 70 1340357031955
5 75 1876499844737
5 80 1759218604441
5 85 1655735157122
5 90 1042499913743
5 95 1136140481623
5 100 2547197540134
5 105 807188375928
5 110 824062014615
5 115 -156193935508
5 120 781874935307
5 130 721730709514
5 135 -236842912372
5 140 670178515977
5 145 970603367968
5 150 1438665695998
5 155 907983795841
5 160 -237053098297
5 165 264953013353
5 170 551911719040
5 175 1254559371506
5 180 865105445790
7 7 40210710958665
7 14 10052677739666
7 21 6701785159777
7 28 5026338869833
7 35 4021071095866
7 42 2233928386592
7 56 2513169434916
7 63 2233928386592
7 70 1340357031955
7 77 1672629332718
7 84 1116964193296
7 91 1546565806103
7 105 1066337312055
7 112 1256584717458
7 119 518760462662
7 126 838016800658
7 133 877649881398
7 140 670178515977
7 154 1090676709203
7 161 -468457078834
7 168 911226952796
7 175 353869066840
7 182 153484319534
11 11 25588634246423
11 22 6397158561605
11 33 4264772374403
11 44 3198579280802
11 55 2558863424642
11 66 1479375711997
11 77 1982889845342
11 88 1599289640401
11 99 1421590791467
11 110 910739395410
11 132 2290298271374
11 143 984178240247
11 154 449788602002
11 165 1106221479833
11 176 1253480369430
13 13 21651921285435
13 26 5412980321358
13 39 3608653547572
13 52 2706490160679
13 65 2165192128543
13 78 1202884515857
13 91 1546565806102
13 104 1353245080339
13 117 1202884515857
13 130 721730709514
13 143 984178240247
13 156 601442257928
13 182 1658973139490
17 17 16557351571215
17 34 4139337892803
17 51 2759558595202
17 68 2069668946401
17 85 1655735157121
17 102 1121783828239
17 119 1846575476083
17 136 1034834473200
17 153 1020818346653
17 170 551911719040
19 19 14814472458455
19 38 3703618114613
19 57 4029523789906
19 76 1851809057306
19 95 1826754010068
19 114 1152586330583
19 133 1238703326952
19 152 1090684570099
19 171 1003552970468
23 23 12238042465680
23 46 3575972455670
23 69 3428963716084
23 92 2046217147460
23 115 2603802428644
23 138 679891248093
23 161 2216748859645
29 29 9706033679677
29 58 4332260230973
29 87 3275353386765
29 116 1213254209959
29 145 970603367967
29 174 1937296211665
31 62 2269959489602
31 93 1513306326401
31 155 907983795840
