# A101877 lower-bound certificate: n K F  then lines  p x lambda  (sum over p of lambda <= floor(2^F/x))
7 1242 48
2 2 140737488355328
2 4 70368744177664
2 6 23456248059221
2 8 35184372088832
2 10 14073748835533
2 12 11728124029611
2 14 10052677739666
2 16 17592186044416
2 18 7818749353074
2 20 7036874417766
2 22 6397158561606
2 24 5864062014805
2 26 5412980321359
2 28 5026338869833
2 30 3127499741230
2 32 8796093022208
2 34 4139337892804
2 36 3909374676537
2 38 3703618114614
2 40 3518437208883
2 42 2233928386593
2 44 3198579280803
2 46 3059510616420
2 48 2932031007403
2 50 2814749767107
2 52 2706490160679
2 54 2606249784358
2 56 2513169434917
2 58 2426508419919
2 60 1563749870616
2 62 2269959489602
2 64 4398046511104
2 66 1421590791469
2 68 2069668946402
2 70 1340357031956
2 72 1954687338268
2 74 1901857950748
2 76 1851809057307
2 78 1202884515858
2 80 1759218604442
2 82 1716310833602
2 84 1116964193296
2 86 1636482422736
2 88 1599289640401
2 90 1042499913743
2 92 1529755308210
2 94 1497207322929
2 96 1466015503701
2 98 1436096819952
2 100 1407374883553
2 102 919852865068
2 104 1353245080340
2 106 1327712154296
2 108 1303124892179
2 110 852954474882
2 112 1256584717458
2 114 823026247693
2 116 1213254209960
2 118 1192690579282
2 120 781874935308
2 122 1153585970126
2 124 1134979744801
2 126 744642795532
2 128 2199023255552
2 130 721730709515
2 132 710795395735
2 134 1050279763846
2 136 1034834473201
2 138 679891248094
2 140 670178515979
2 142 991109072925
2 144 977343669134
2 146 963955399694
2 148 950928975374
2 150 625499948247
2 152 925904528653
2 154 609253196344
2 156 601442257930
2 158 890743597186
2 160 879609302221
2 162 868749928119
2 164 858155416801
2 166 847816194912
2 168 558482096648
2 170 551911719041
2 172 818241211368
2 174 539224093316
2 176 799644820201
2 178 790660046940
2 180 521249956872
2 182 515521935368
2 184 764877654105
2 186 504435442135
2 188 748603661465
2 190 493815748615
2 192 733007751851
2 194 725450970904
2 196 718048409976
2 198 473863597157
2 200 703687441777
2 202 696720239383
2 204 459926432535
2 206 683191691045
2 208 676622540170
2 210 335089257991
2 212 663856077148
2 214 655043867824
2 216 651562446089
2 218 550052484969
2 220 426477237441
2 222 422635100166
2 224 628292358729
2 226 143186449706
2 228 411513123847
2 230 407934748856
2 232 606627104980
2 234 400961505287
2 236 596345289641
2 238 394222656458
2 240 390937467655
2 242 581559869237
2 244 576792985063
2 246 381402407467
2 248 567489872401
2 250 562949953421
2 252 372321397766
2 254 554084599824
2 256 1099511627776
2 258 363662760608
2 260 360865354757
2 262 537165986089
2 264 355397697868
2 266 352725534725
2 268 525139881923
2 270 347499971249
2 272 517417236600
2 274 513640468450
2 276 339945624048
2 278 506249958113
2 280 335089257990
2 282 332712738430
2 284 495554536462
2 286 328059413417
2 288 488671834567
2 290 323534455989
2 292 167430450047
2 294 319132626656
2 296 475464487687
2 298 472273450857
2 300 312749974124
2 304 462952264327
2 306 306617621689
2 308 304626598173
2 310 302661265280
2 312 300721128965
2 316 400404748299
2 318 295047145399
2 320 439804651110
2 322 291381963469
2 324 434374964060
2 328 429077708400
2 330 213238618720
2 332 423908097456
2 336 279241048324
2 338 380271657469
2 340 275955859520
2 342 274342082565
2 344 409120605684
2 346 406755746692
2 348 269612046659
2 350 268071406391
2 352 399822410100
2 354 198566894956
2 356 395330023470
2 360 260624978437
2 364 257760967685
2 366 231276120437
2 368 382438827053
2 370 253581060101
2 372 252217721068
2 374 250868963200
2 376 374301830732
2 378 248214265178
2 380 246907874308
2 384 399225810363
2 388 362725485452
2 390 180432677380
2 392 359024204988
2 396 236931798579
2 400 351843720888
2 402 233395503078
2 404 314697969588
2 406 231096039992
2 408 229963216268
2 410 210731676744
2 412 219339696132
2 414 226630416031
2 416 338311270085
2 418 224461703917
2 420 167544628995
2 424 331928038574
2 426 201212335687
2 428 328825907372
2 430 218197656366
2 432 325781223045
2 434 175606049885
2 436 109097837087
2 438 81438478742
2 440 213238618720
2 442 212273738093
2 444 176133692357
2 448 314146179365
2 450 208499982749
2 452 311366124680
2 456 205756561924
2 460 203967374428
2 462 152313299088
2 464 303313552490
2 468 200480752644
2 470 113836352378
2 472 131537001240
2 474 176057752911
2 476 197111328230
2 480 195468733828
2 484 290779934618
2 486 289583309373
2 488 288396492531
2 490 142601754991
2 492 153632409254
2 494 189929134084
2 496 283744936200
2 498 104379899071
2 500 281474976711
2 504 186160698884
2 506 179676181579
2 508 -7248370318
2 510 137977929760
2 516 181831380304
2 518 43419585916
2 520 180432677379
2 522 179741364439
2 524 -11426650762
2 528 177698848934
2 530 162885230448
2 532 176362767363
2 534 175702232654
2 536 262569940961
2 540 173749985625
2 544 258708618300
2 546 128880483844
2 548 219496423424
2 550 170590894976
2 552 132929093582
2 558 154132474152
2 560 167544628995
2 564 166356369215
2 568 247777268231
2 570 120184087129
2 572 164029706709
2 574 158206111888
2 576 244335917284
2 580 161767227995
2 582 161211326868
2 584 169878684434
2 588 159566313328
2 590 54592671582
2 592 237732243843
2 594 157954532385
2 596 236136725428
2 598 156897980329
2 600 156374987062
2 602 -568224098
2 606 -6691076736
2 608 231476132163
2 610 -707181003
2 612 153308810845
2 616 152313299087
2 618 133252867034
2 620 117075718821
2 624 138115313014
2 630 111696419331
2 632 77785457320
2 636 147523572700
2 638 147061116360
2 640 344277793136
2 642 41688101453
2 644 145690981734
2 646 106273690765
2 648 201672380535
2 650 144346141904
2 654 88163627355
2 656 214538854200
2 658 120145900026
2 660 106619309360
2 664 211954048728
2 666 62631495539
2 670 122976998068
2 672 139620524162
2 676 208191550821
2 678 3006639231
2 680 137977929760
2 682 329270728
2 684 133123507101
2 688 124244592327
2 690 73708434664
2 692 203377873346
2 696 134806023330
2 700 134035703196
2 702 130576263519
2 704 199911205050
2 708 100906178651
2 710 85497006289
2 712 186629884931
2 714 69569722079
2 720 130312489219
2 726 129235526497
2 728 128880483843
2 730 69871537068
2 732 90359642167
2 736 188054984798
2 738 69804186562
2 740 75617553334
2 742 118151131233
2 744 86827502656
2 748 125434481600
2 750 125099989649
2 752 187150915366
2 754 114588241379
2 756 124107132589
2 760 119256463349
2 762 123129911072
2 768 183251937963
2 770 91387979453
2 774 57150155457
2 776 181362742726
2 780 90216338690
2 782 76778261153
2 784 179512102494
2 786 -16881930680
2 790 986301271
2 792 118465899290
2 798 72421391397
2 800 175921860444
2 804 104452500071
2 806 103862426926
2 808 103127797879
2 810 115833323749
2 812 115548019996
2 814 55183555094
2 816 114981608134
2 820 109168659498
2 822 -9644666367
2 824 152230414006
2 826 -528435510
2 828 77715978859
2 830 -4643096840
2 832 203634634305
2 836 103787614662
2 840 83772314497
2 846 100776267203
2 848 165964019287
2 850 110382343808
2 852 63472360224
2 854 84789013118
2 856 59956207418
2 858 41803367043
2 860 45028063436
2 864 162890611522
2 868 73838395211
2 870 80883613998
2 872 -3133031506
2 874 77608888825
2 876 1963706776
2 880 106619309360
2 882 92824797643
2 884 90545323780
2 888 80871208646
2 890 -4067131895
2 894 104949655747
2 896 300921309779
2 900 104249991374
2 902 35836223999
2 904 104773342120
2 910 42357398687
2 912 55675893492
2 918 90192554447
2 920 65961063980
2 924 76156649545
2 928 151656776245
2 930 35581109603
2 936 100240376322
2 938 100026644177
2 940 -1442526907
2 944 121433304883
2 946 3274718079
2 948 746526386
2 950 95402933152
2 952 98555664115
2 954 90051403100
2 960 97734366914
2 962 385711261
2 966 26910347998
2 968 145389967309
2 970 96726796121
2 972 144791654687
2 976 106381669529
2 980 95739787998
2 984 87636384332
2 986 76830975312
2 988 2667599761
2 990 68297467242
2 992 150681131899
2 994 47740470177
2 996 11170786205
2 1000 140737488355
2 1008 93080349442
2 1010 92896031919
2 1012 11879839720
2 1014 92529578144
2 1016 21017091198
2 1020 28785505580
2 1022 91805276162
2 1026 58634463477
2 1030 72524716719
2 1032 4572609887
2 1034 72690289936
2 1036 81657077905
2 1038 90390165932
2 1040 66022532855
2 1044 89870682219
2 1048 -14732223485
2 1050 67017851600
2 1054 12554540495
2 1056 114108789536
2 1060 80216498254
2 1062 -2135021241
2 1064 66633007891
2 1066 37728041275
2 1068 76815989524
2 1070 87686908633
2 1072 60533301250
2 1078 47469988203
2 1080 86874992813
2 1088 152042366910
2 1090 -3310357093
2 1092 38270785619
2 1096 -12575885197
2 1098 -1022013864
2 1100 72076343057
2 1102 67787628904
2 1104 52637526449
2 1106 630996955
2 1110 19654449898
2 1112 126562489528
2 1116 18308677517
2 1118 4180394414
2 1120 160291575907
2 1122 27868902857
2 1128 6245270557
2 1130 -2648355908
2 1134 -6480306207
2 1136 104854509152
2 1140 31531220952
2 1144 82014853355
2 1148 81729087315
2 1150 45564326537
2 1152 246701330652
2 1160 80883613997
2 1162 -1500535167
2 1164 -19164739105
2 1166 80467403291
2 1168 120494424962
2 1170 30634849345
2 1176 -3521090157
2 1178 784894167
2 1180 41555422292
2 1184 95724935380
2 1188 39566580701
2 1190 29072381675
2 1192 118068362714
2 1196 33905374285
2 1200 78187493532
2 1204 46436573974
2 1206 65553249558
2 1210 77541315898
2 1212 43751209829
2 1216 111448571467
2 1218 57774009998
2 1220 1088803558
2 1222 -3040425813
2 1224 13705189275
2 1230 16569272624
2 1232 62382639710
2 1236 -1680476712
2 1240 111366576964
2 1242 24879425970
3 3 93824992236885
3 6 23456248059221
3 9 31274997412295
3 12 11728124029610
3 15 9382499223689
3 18 7818749353073
3 21 6701785159778
3 24 5864062014805
3 27 10424999137431
3 30 3127499741229
3 33 4264772374404
3 36 3909374676536
3 39 3608653547573
3 42 2233928386592
3 45 3127499741230
3 48 2932031007402
3 51 2759558595203
3 54 2606249784357
3 57 2469078743076
3 60 1563749870614
3 63 2233928386593
3 66 1421590791467
3 69 2039673744280
3 72 1954687338268
3 75 1876499844738
3 78 1202884515857
3 81 3474999712477
3 84 1116964193296
3 87 1617672279946
3 90 1042499913743
3 93 1513306326401
3 96 1466015503701
3 99 1421590791468
3 102 919852865067
3 105 893571354637
3 108 1303124892178
3 111 1267905300498
3 114 823026247691
3 117 1202884515858
3 120 781874935307
3 123 1144207222401
3 126 744642795530
3 129 1090988281824
3 132 710795395733
3 135 1042499913743
3 138 679891248093
3 141 998138215286
3 144 977343669134
3 147 957397879968
3 150 625499948245
3 153 919852865068
3 156 601442257928
3 159 885141436197
3 162 868749928119
3 165 568636316587
3 168 558482096648
3 171 823026247692
3 174 539224093315
3 177 795127052855
3 180 521249956871
3 183 769057313417
3 186 504435442133
3 189 744642795531
3 192 733007751850
3 195 481153806343
3 198 473863597155
3 201 700186509230
3 204 459926432533
3 207 679891248093
3 210 335089257988
3 213 660739381950
3 216 651562446089
3 219 642636933129
3 222 422635100166
3 225 625499948246
3 228 411513123845
3 231 406168797562
3 234 400961505285
3 237 593829064790
3 240 390937467653
3 243 1158333237492
3 246 381402407467
3 249 565210796608
3 252 372321397765
3 255 367941146027
3 258 363662760608
3 261 539224093315
3 264 355397697866
3 267 527106697960
3 270 347499971247
3 273 343681290245
3 276 339945624046
3 279 504435442134
3 282 332712738428
3 285 329210499078
3 288 488671834567
3 291 483633980603
3 294 319132626656
3 297 473863597156
3 300 312749974122
3 303 404220016641
3 306 306617621689
3 309 210247066714
3 312 300721128964
3 315 297857118213
3 318 295047145399
3 321 438434543163
3 324 434374964059
3 327 -1873963838
3 330 213238618720
3 333 422635100166
3 336 279241048324
3 339 145266940037
3 342 274342082563
3 345 271956499238
3 348 269612046657
3 351 400961505286
3 354 198566894955
3 357 262815104305
3 360 260624978435
3 363 387706579491
3 366 231276120435
3 369 381402407467
3 372 252217721066
3 375 375299968948
3 378 248214265176
3 381 251885674458
3 384 333781941487
3 387 363662760608
3 390 180432677378
3 393 358110657393
3 396 236931798577
3 399 235150356484
3 402 233395503076
3 405 347499971248
3 408 229963216266
3 411 305103168166
3 414 226630416031
3 417 337499972075
3 420 167544628994
3 423 332712738429
3 426 201212335685
3 429 218706275611
3 432 325781223044
3 435 215689637326
3 438 81438478742
3 441 319132626656
3 444 176133692357
3 450 208499982748
3 456 205756561922
3 459 306617621689
3 462 152313299085
3 465 148438854747
3 468 200480752642
3 474 176057752909
3 477 295047145399
3 480 195468733826
3 483 184786076324
3 486 289583309373
3 492 153632409253
3 495 189545438863
3 498 104379899071
3 504 186160698882
3 507 -5994667119
3 510 137977929760
3 513 274342082564
3 516 181831380304
3 522 179741364438
3 525 178714270928
3 528 177698848933
3 531 257647532476
3 534 175702232653
3 540 173749985623
3 546 128880483841
3 549 231276120436
3 552 132929093581
3 555 123464700519
3 558 154132474150
3 561 167245975468
3 564 166356369214
3 567 248214265177
3 570 120184087126
3 576 244335917283
3 582 161211326867
3 585 160384602115
3 588 159566313328
3 594 157954532385
3 600 156374987061
3 603 -8446278364
3 606 -3143793749
3 609 154064026662
3 612 153308810844
3 615 116251669724
3 618 133252867032
3 621 226630416031
3 624 138115313014
3 627 109835628952
3 630 111696419329
3 636 147523572699
3 639 220246460650
3 642 41688101453
3 645 145465104243
3 648 232702583524
3 651 96873748914
3 654 88163627355
3 657 56780270981
3 660 106619309360
3 663 141515825395
3 666 62631495539
3 672 139620524162
3 675 208499982749
3 678 -1925191998
3 684 133123507099
3 690 73708434664
3 693 135389599188
3 696 134806023328
3 702 130576263519
3 705 47527347049
3 708 100906178649
3 711 75300239268
3 714 69569722078
3 720 130312489217
3 726 129235526497
3 732 90359642165
3 735 119992737091
3 738 69804186561
3 741 80992704914
3 744 86827502655
3 747 104379899071
3 750 125099989649
3 756 124107132588
3 759 120452161835
3 762 123129911072
3 765 122647048677
3 768 183251937962
3 774 57150155455
3 777 90669732882
3 780 90216338689
3 783 179741364438
3 786 -24204882028
3 792 118465899288
3 795 118018858160
3 798 72421391396
3 801 164667105849
3 804 104452500070
3 810 115833323749
3 816 114981608133
3 819 114560430083
3 822 -18111021540
3 825 113727263318
3 828 77715978858
3 837 79818064189
3 840 83772314497
3 846 100776267201
3 852 63472360222
3 855 101335790803
3 858 41803367040
3 861 72662823155
3 864 162890611522
3 870 80883613997
3 873 161211326868
3 876 1097370183
3 882 92824797641
3 885 666858215
3 888 80871208645
3 891 214662443549
3 894 104949655745
3 897 83050277764
3 900 104249991374
3 903 85907281884
3 909 83774457896
3 912 40710143
3 915 1569940026
3 918 90192554446
3 924 76156649542
3 927 -2770827465
3 930 35581109603
3 936 100240376321
3 945 99285706072
3 948 -84939947
3 954 90051403099
3 957 98040744239
3 960 97734366913
3 963 -14266591421
3 966 26910347998
3 969 35206800128
3 972 144791654686
3 975 96230761269
3 981 103230630409
3 984 87636384330
3 987 3589066246
3 990 68297467241
3 996 11170786204
3 999 105694508996
3 1005 81112949764
3 1008 93080349441
3 1014 92529578142
3 1017 -16312516661
3 1020 28785505580
3 1023 22506053730
3 1026 104950089818
3 1032 4572609887
3 1035 39703550342
3 1038 90390165931
3 1044 89870682219
3 1050 67017851597
3 1053 133653835095
3 1056 15914552982
3 1062 -49284396
3 1065 -5669376210
3 1068 76815989522
3 1071 54873622585
3 1080 86874992811
3 1089 129235526497
3 1092 38270785616
3 1095 12114519546
3 1098 -6084048236
3 1104 2210695941
3 1107 89525179821
3 1110 19654449895
3 1113 84299184401
3 1116 18308677515
3 1122 27868902857
3 1125 125099989649
3 1128 6245270557
3 1131 42754093519
3 1134 298539973557
3 1140 31531220949
3 1143 -27550211688
3 1152 -2365413369
3 1155 46245597248
3 1161 103224556199
3 1164 -19164739107
3 1170 30634849342
3 1173 3298708308
3 1176 1885594749
3 1179 119370219131
3 1185 12324889659
3 1188 104211708070
3 1197 54539403508
3 1200 78187493530
3 1206 65553249557
3 1209 2406916476
3 1212 43751209828
3 1215 115833323749
3 1218 57774009998
3 1221 2781804324
3 1224 13705189275
3 1230 15221701036
3 1233 -19487611825
3 1236 -3116455022
3 1239 -3663377317
3 1242 71424730454
5 5 56294995342131
5 10 14073748835532
5 15 9382499223688
5 20 7036874417766
5 25 11258999068426
5 30 3127499741229
5 35 4021071095867
5 40 3518437208883
5 45 3127499741229
5 50 2814749767106
5 55 2558863424642
5 60 1563749870614
5 65 2165192128544
5 70 1340357031955
5 75 1876499844737
5 80 1759218604441
5 85 1655735157122
5 90 1042499913743
5 95 1481447245846
5 100 1407374883553
5 105 893571354637
5 110 852954474880
5 115 1223804246568
5 120 781874935307
5 125 2251799813685
5 130 721730709514
5 135 1042499913743
5 140 670178515977
5 145 970603367968
5 150 625499948245
5 155 907983795841
5 160 879609302220
5 165 568636316587
5 170 551911719040
5 175 804214219173
5 180 521249956871
5 185 760743180299
5 190 493815748615
5 195 481153806343
5 200 703687441776
5 205 686524333441
5 210 335089257988
5 215 654592969095
5 220 426477237440
5 225 625499948245
5 230 407934748856
5 235 598882929172
5 240 390937467653
5 245 574438727981
5 250 562949953421
5 255 367941146027
5 260 360865354757
5 265 531084861718
5 270 347499971247
5 275 511772684928
5 280 335089257988
5 285 329210499076
5 290 323534455989
5 295 477076231713
5 300 312749974122
5 305 461434388050
5 310 302661265280
5 315 297857118212
5 320 439804651110
5 325 433038425709
5 330 213238618720
5 335 420111905538
5 340 275955859520
5 345 271956499237
5 350 268071406391
5 355 396443629170
5 360 260624978435
5 365 370667604566
5 370 253581060099
5 375 375299968947
5 380 246907874307
5 385 243701278538
5 390 180432677378
5 395 356297438874
5 400 351843720888
5 405 347499971247
5 410 210731676744
5 415 256095464735
5 420 167544628994
5 425 331147031424
5 430 218197656364
5 435 215689637326
5 440 213238618720
5 445 316264018776
5 450 208499982748
5 455 206208774147
5 460 203967374428
5 465 148438854746
5 470 113836352378
5 475 296289449169
5 480 195468733826
5 485 290180388362
5 490 142601754990
5 495 189545438862
5 500 281474976710
5 505 207635833786
5 510 137977929760
5 515 -4044842171
5 520 180432677378
5 525 178714270927
5 530 162885230447
5 535 260452778977
5 540 173749985623
5 545 84772016663
5 550 170590894976
5 555 123464700518
5 560 167544628994
5 565 -10530373110
5 570 120184087126
5 575 244760849314
5 580 161767227994
5 585 160384602114
5 590 54592671580
5 595 157689062583
5 600 156374987061
5 605 232623947695
5 610 -4721349895
5 615 116251669722
5 620 117075718821
5 630 111696419329
5 635 -11170806968
5 640 95526857974
5 645 145465104243
5 650 144346141902
5 655 214866394436
5 660 106619309360
5 665 141090213890
5 670 122976998068
5 675 208499982748
5 680 137977929760
5 685 168132376579
5 690 73708434664
5 695 202499983245
5 700 134035703195
5 705 47527347048
5 710 85497006287
5 715 131223765366
5 720 130312489217
5 725 194120673594
5 730 69871537066
5 735 119992737090
5 740 75617553332
5 745 188909380343
5 750 125099989649
5 760 119256463347
5 765 122647048675
5 770 91387979451
5 775 167584085941
5 780 90216338689
5 790 -3252304805
5 795 118018858159
5 800 175921860444
5 805 22996436
5 810 115833323749
5 820 109168659498
5 825 113727263317
5 830 -5815044510
5 840 83772314497
5 845 166553240657
5 850 110382343808
5 855 101335790802
5 860 45028063435
5 870 80883613997
5 875 160842843835
5 880 106619309360
5 885 5792491462
5 890 -39558052424
5 900 104249991374
5 910 42357398687
5 915 4123693215
5 920 65961063980
5 925 106559296512
5 930 35581109603
5 935 20980176760
5 940 -3482820383
5 945 99285706070
5 950 95402933152
5 960 97734366913
5 970 96726796120
5 975 96230761268
5 980 95739787996
5 990 68297467241
5 1000 140737488355
5 1005 81112949762
5 1010 92896031917
5 1015 92438415998
5 1020 28785505580
5 1025 137304866688
5 1030 72524716717
5 1035 39703550341
5 1040 66022532855
5 1045 58254694222
5 1050 67017851597
5 1060 80216498252
5 1065 -8607533342
5 1070 87686908632
5 1075 44575513554
5 1080 86874992811
5 1085 26109834557
5 1090 -5542316587
5 1095 12114519546
5 1100 72076343057
5 1105 34454265774
5 1110 19654449895
5 1120 39681198007
5 1125 125099989649
5 1130 -9971307254
5 1140 31531220949
5 1150 45564326537
5 1155 46245597247
5 1160 80883613997
5 1170 30634849342
5 1175 119776585834
5 1180 41555422291
5 1185 12324889657
5 1190 37950132405
5 1200 78187493530
5 1210 77541315898
5 1215 115833323749
5 1220 238085021
5 1225 107813650787
5 1230 16569272624
5 1235 27261891618
5 1240 7029099298
7 7 40210710958665
7 14 10052677739666
7 21 6701785159777
7 28 5026338869833
7 35 4021071095866
7 42 2233928386592
7 49 5744387279809
7 56 2513169434916
7 63 2233928386592
7 70 1340357031955
7 77 1827759589030
7 84 1116964193296
7 91 1546565806103
7 98 1436096819952
7 105 893571354637
7 112 1256584717458
7 119 1182667969373
7 126 744642795530
7 133 1058176604175
7 140 670178515977
7 147 957397879968
7 154 609253196343
7 161 874145890406
7 168 558482096648
7 175 804214219173
7 182 515521935367
7 189 744642795530
7 196 718048409976
7 203 693288119977
7 210 335089257988
7 217 648559854172
7 224 628292358729
7 231 406168797562
7 238 394222656457
7 245 574438727980
7 252 372321397765
7 259 543387985928
7 266 352725534725
7 273 343681290245
7 280 335089257988
7 287 490374523886
7 294 319132626656
7 301 467566406496
7 308 304626598171
7 315 297857118212
7 322 291381963468
7 329 427773520837
7 336 279241048324
7 350 268071406391
7 357 262815104305
7 364 257760967683
7 371 379346329799
7 378 248214265176
7 385 243701278537
7 392 359024204988
7 399 235150356483
7 406 231096039992
7 413 340768736938
7 420 167544628994
7 427 291779414727
7 434 175606049884
7 441 319132626656
7 448 314146179364
7 455 206208774147
7 462 152313299085
7 469 300079932527
7 476 197111328228
7 483 184786076323
7 490 289235217999
7 497 283174020836
7 504 186160698882
7 511 204305662994
7 518 43419585915
7 525 178714270927
7 532 176362767362
7 539 261108512719
7 546 128880483841
7 553 131855388295
7 560 167544628994
7 567 248214265176
7 574 158206111886
7 581 158209498748
7 588 159566313328
7 595 157689062583
7 602 4056405364
7 609 154064026661
7 616 152313299085
7 623 -23973013681
7 630 111696419329
7 637 220937972300
7 644 145690981734
7 651 96873748914
7 658 120145900026
7 665 141090213890
7 672 139620524162
7 679 207271705973
7 693 135389599187
7 700 134035703195
7 707 105140632487
7 714 69569722078
7 721 -3547672005
7 728 128880483841
7 735 142973677806
7 742 118151131232
7 749 -14092360399
7 756 124107132588
7 763 129153139036
7 770 91387979451
7 777 90669732880
7 784 179512102494
7 791 127013779597
7 798 72421391396
7 805 30267894121
7 812 115548019996
7 819 114560430081
7 826 41445646371
7 833 251311942041
7 840 83772314497
7 847 166159962639
7 854 84789013118
7 861 72662823155
7 868 73838395209
7 875 160842843834
7 882 133483031372
7 889 40805826906
7 896 13224869585
7 903 85907281884
7 910 42357398687
7 917 153475996025
7 924 76156649542
7 931 168991998024
7 938 100026644175
7 945 99285706070
7 952 98555664114
7 959 -39376239848
7 966 38704152382
7 980 95739787996
7 987 30466387075
7 994 47740470176
7 1001 60384190142
7 1008 93080349441
7 1015 92438415996
7 1022 91805276161
7 1036 81657077905
7 1050 67017851597
7 1064 66633007891
7 1071 54873622584
7 1078 166168536312
7 1085 32202492885
7 1092 38270785616
7 1106 38052496818
7 1113 84299184399
7 1120 51344169577
7 1127 129117788846
7 1134 -43845402174
7 1148 81729087314
7 1155 46245597247
7 1162 -24258595441
7 1176 240984965400
7 1183 82855156295
7 1190 62389467109
7 1197 54539403508
7 1204 46436573974
7 1211 116215927626
7 1218 57774009998
7 1225 121961840405
7 1232 84798781056
7 1239 5268261620
11 11 25588634246423
11 22 6397158561605
11 33 4264772374403
11 44 3198579280802
11 55 2558863424642
11 66 1421590791467
11 77 1827759589030
11 88 1599289640401
11 99 1421590791467
11 110 852954474880
11 121 2326239476947
11 132 710795395733
11 143 984178240247
11 154 609253196343
11 165 568636316587
11 176 799644820200
11 187 752606889601
11 198 473863597155
11 209 673385111748
11 220 426477237440
11 231 406168797562
11 242 581559869236
11 253 556274657531
11 264 355397697866
11 275 511772684928
11 286 328059413415
11 297 473863597155
11 308 304626598171
11 319 441183349076
11 330 213238618720
11 341 412719907200
11 352 399822410100
11 363 387706579491
11 374 250868963200
11 385 243701278537
11 396 236931798577
11 407 345792354681
11 418 224461703915
11 429 218706275610
11 440 213238618720
11 451 312056515200
11 462 152313299085
11 473 297542258679
11 484 290779934618
11 495 189545438862
11 506 179676181578
11 517 272219513260
11 528 177698848933
11 539 261108512718
11 550 170590894976
11 561 167245975466
11 572 164029706707
11 583 241402209872
11 594 157954532385
11 605 232623947694
11 616 152313299085
11 627 109835628950
11 638 147061116358
11 649 106130381670
11 660 106619309360
11 671 209742903659
11 682 25348394611
11 693 135389599187
11 704 199911205050
11 715 131223765366
11 726 129235526497
11 737 108314895927
11 748 125434481600
11 759 120452161834
11 770 91387979451
11 781 161167524659
11 792 118465899288
11 803 61709224103
11 814 55183555094
11 825 113727263317
11 836 103787614660
11 847 166159962639
11 858 129344441788
11 869 75673573976
11 880 106619309360
11 891 101246621221
11 902 51794316962
11 913 154148399075
11 924 76156649542
11 935 75958829638
11 946 89328979092
11 957 98040744239
11 968 145389967309
11 979 143756372171
11 990 79425756569
11 1001 83326126305
11 1012 54242632175
11 1023 55132717670
11 1034 96454996564
11 1045 65468568117
11 1056 136524930882
11 1067 131900176528
11 1078 47469988203
11 1089 129235526497
11 1100 111733656350
11 1111 -89992207416
11 1122 81068751469
11 1133 105649162344
11 1144 82014853353
11 1155 104964486795
11 1166 80467403290
11 1177 16111482300
11 1188 93153509806
11 1199 12016597190
11 1210 77541315898
11 1221 107992409917
11 1232 81288527862
13 13 21651921285435
13 26 5412980321358
13 39 3608653547572
13 52 2706490160679
13 65 2165192128543
13 78 1202884515857
13 91 1546565806102
13 104 1353245080339
13 117 1202884515857
13 130 721730709514
13 143 984178240247
13 156 601442257928
13 169 1665532406571
13 182 515521935367
13 195 481153806343
13 208 676622540169
13 221 636821214278
13 234 400961505285
13 247 569787402248
13 260 360865354757
13 273 343681290245
13 286 328059413415
13 299 470693940988
13 312 300721128964
13 325 433038425708
13 338 452494545816
13 351 400961505285
13 364 257760967683
13 377 373308987680
13 390 180432677378
13 403 349224536862
13 416 338311270084
13 429 218706275610
13 442 212273738092
13 455 206208774147
13 468 200480752642
13 481 292593530884
13 494 189929134082
13 507 561172135976
13 520 180432677378
13 533 264047820554
13 546 128880483841
13 559 251766526575
13 572 164029706707
13 585 160384602114
13 598 156897980329
13 611 143278695152
13 624 174851067418
13 637 220937972300
13 650 144346141902
13 663 141515825395
13 676 208191550821
13 689 204263408353
13 702 139808978247
13 715 131223765366
13 728 128880483841
13 741 165813806109
13 754 144132504922
13 767 176096039875
13 780 90216338689
13 793 177474764635
13 806 103862426924
13 819 114560430081
13 832 134676635779
13 845 166553240657
13 858 115108237544
13 871 144521198352
13 884 90545323780
13 897 83050277762
13 910 182240965159
13 923 152478318912
13 936 100240376321
13 949 133386275410
13 962 127393405917
13 975 96230761268
13 988 71562121518
13 1001 137483466480
13 1014 92529578142
13 1027 -6402244745
13 1040 138603950357
13 1053 133653835095
13 1066 77385354566
13 1079 -68874865158
13 1092 142948610832
13 1105 121174826793
13 1118 67182616152
13 1131 163364471417
13 1144 82014853353
13 1157 121640007222
13 1170 148672355142
13 1183 155078044643
13 1196 62710604778
13 1209 136578424015
13 1222 -5445349641
13 1235 92917697679
17 17 16557351571215
17 34 4139337892803
17 51 2759558595202
17 68 2069668946401
17 85 1655735157121
17 102 919852865067
17 119 1182667969372
17 136 1034834473200
17 153 919852865067
17 170 551911719040
17 187 752606889600
17 204 459926432533
17 221 636821214277
17 238 394222656457
17 255 367941146027
17 272 517417236600
17 306 306617621689
17 323 435719778190
17 340 275955859520
17 357 262815104305
17 374 250868963200
17 391 359942425461
17 408 229963216266
17 425 331147031424
17 442 212273738092
17 459 306617621689
17 476 197111328228
17 493 285471578814
17 510 137977929760
17 527 267054057600
17 544 258708618300
17 561 167245975466
17 595 157689062583
17 612 153308810844
17 629 180007179077
17 646 204954063559
17 663 141515825395
17 680 137977929760
17 697 158482760217
17 714 185513490222
17 731 124795694233
17 748 125434481600
17 765 122647048675
17 782 101560286009
17 799 153696764406
17 816 114981608133
17 833 86593192065
17 850 110382343808
17 884 137319959578
17 901 156201429917
17 918 126232512796
17 935 204103749442
17 952 98555664114
17 969 109326797677
17 986 131809628190
17 1003 21923031032
17 1020 189599342780
17 1037 72036147388
17 1054 100192987238
17 1071 153067859136
17 1088 106666251390
17 1105 99099393144
17 1122 114062406017
17 1139 105143367867
17 1173 135380065263
17 1190 107121612685
17 1207 -80888468073
17 1224 202552837716
17 1241 91313387287
19 19 14814472458455
19 38 3703618114613
19 57 2469078743075
19 76 1851809057306
19 95 1481447245845
19 114 823026247691
19 133 1058176604175
19 152 925904528653
19 171 823026247691
19 190 493815748615
19 209 673385111747
19 228 411513123845
19 247 569787402248
19 266 352725534725
19 285 329210499076
19 304 462952264326
19 323 435719778189
19 342 274342082563
19 380 246907874307
19 399 235150356483
19 418 224461703915
19 437 322053749097
19 456 205756561922
19 475 296289449169
19 494 189929134082
19 513 274342082563
19 532 176362767362
19 551 255421938939
19 570 133263487234
19 589 226397352140
19 608 231476132163
19 627 229252149929
19 646 124492023865
19 665 141090213890
19 684 145266109645
19 703 107423253714
19 741 133051757142
19 760 131848884765
19 779 -44194349404
19 798 135461360536
19 817 154264943652
19 836 129117326551
19 855 126538917471
19 874 110186839793
19 893 150232519074
19 912 252918239249
19 931 133344174597
19 950 105483582865
19 969 145946254321
19 988 210663979845
19 1007 125616117344
19 1026 110757529268
19 1045 145630782360
19 1064 131278135261
19 1102 119846681132
19 1121 131219211813
19 1140 152314211457
19 1159 129628124424
19 1178 104015264675
19 1197 126071549467
19 1216 120027560696
19 1235 107735371602
23 23 12238042465680
23 46 3059510616420
23 69 2039673744280
23 92 1529755308210
23 115 1223804246568
23 138 679891248093
23 161 874145890405
23 184 764877654105
23 207 679891248093
23 230 407934748856
23 253 556274657530
23 276 339945624046
23 299 470693940987
23 322 291381963468
23 345 271956499237
23 368 382438827052
23 391 359942425461
23 414 226630416031
23 437 322053749096
23 460 203967374428
23 483 213191774290
23 506 196922294373
23 552 244060248907
23 575 244760849313
23 598 156897980329
23 621 226630416031
23 644 145690981734
23 667 211000732167
23 690 186809444864
23 713 197387781705
23 736 194383842254
23 759 129945448018
23 782 181603878299
23 805 319367465605
23 828 184513666329
23 851 184261996124
23 874 134258020478
23 897 147695405132
23 920 174028933682
23 943 138945333293
23 966 198857115090
23 989 139086911476
23 1012 212014856870
23 1035 192549398554
23 1081 81444368887
23 1104 200110995645
23 1127 120638179841
23 1150 153632196239
23 1173 101282843403
23 1196 138730991430
23 1219 -123753487219
23 1242 130326259607
29 29 9706033679677
29 58 2426508419919
29 87 1617672279946
29 116 1213254209959
29 145 970603367967
29 174 539224093315
29 203 693288119976
29 232 606627104979
29 261 539224093315
29 290 323534455989
29 319 441183349076
29 348 269612046657
29 377 373308987679
29 406 231096039992
29 435 215689637326
29 464 303313552489
29 493 285471578814
29 522 179741364438
29 551 255421938938
29 580 161767227994
29 609 154064026661
29 638 147061116358
29 667 211000732166
29 696 134806023328
29 725 194120673593
29 754 114588241378
29 783 179741364438
29 812 115548019996
29 870 80883613997
29 899 50668542847
29 928 151656776244
29 957 98040744239
29 986 76830975312
29 1015 92438415996
29 1044 89870682219
29 1073 -55048963748
29 1102 67787628902
29 1131 42754093517
29 1160 80883613997
29 1189 97794341856
29 1218 57774009998
31 31 9079837958408
31 62 2269959489602
31 93 1513306326401
31 124 1134979744801
31 155 907983795840
31 186 504435442133
31 217 648559854172
31 248 567489872400
31 279 504435442133
31 310 302661265280
31 341 412719907200
31 372 252217721066
31 403 349224536861
31 434 297347754403
31 465 308444821067
31 496 283744936200
31 527 267054057600
31 558 196170493831
31 589 251488856197
31 620 219840460278
31 651 238625738286
31 682 387042241861
31 713 197387781704
31 744 204671576289
31 775 195609432395
31 806 141499683011
31 837 256472230566
31 868 176603136666
31 899 262429317787
31 930 195917936471
31 992 133063804301
31 1023 197507833400
31 1054 154306529867
31 1085 201111614226
31 1116 215600366034
31 1147 78325960355
31 1178 134142945326
31 1209 93831017416
31 1240 108600272698
37 37 7607431802990
37 74 1901857950747
37 111 1267905300498
37 148 950928975373
37 185 760743180299
37 222 422635100166
37 259 543387985927
37 296 475464487686
37 333 422635100166
37 370 253581060099
37 407 345792354681
37 444 281685265535
37 481 292593530884
37 518 456548814096
37 555 260232719162
37 592 237732243843
37 629 267488809334
37 666 297372109088
37 703 292967893811
37 740 229136483483
37 777 180919191523
37 814 235425244493
37 851 146495908353
37 888 155233907833
37 925 197737975607
37 962 164814413706
37 999 176062224448
37 1036 108379837153
37 1073 317374198333
37 1110 194617710411
37 1147 167075065547
37 1184 142007308463
37 1221 119754022213
41 41 6865243334406
41 82 1716310833601
41 123 1144207222401
41 164 858155416800
41 205 686524333440
41 246 381402407467
41 287 490374523886
41 328 429077708400
41 369 381402407467
41 410 265060979952
41 451 312056515200
41 492 264838792693
41 533 264047820554
41 574 173962300112
41 615 225179549514
41 656 214538854200
41 697 245355082983
41 738 241794034344
41 779 405522945951
41 820 124924847724
41 861 181590702947
41 902 224425974239
41 943 159543507333
41 984 110779036938
41 1025 137304866688
41 1066 148934424713
41 1107 164743091823
41 1148 81729087314
41 1189 138938186916
41 1230 180481198196
43 43 6545929690945
43 86 1636482422736
43 129 1090988281824
43 172 818241211368
43 215 654592969094
43 258 363662760608
43 301 467566406496
43 344 409120605684
43 387 363662760608
43 430 218197656364
43 473 297542258679
43 516 181831380304
43 559 251766526574
43 602 464078225230
43 645 145465104243
43 688 284876013357
43 731 260258993469
43 774 249362449696
43 817 190257671660
43 860 237240357676
43 903 139896373896
43 946 204938561508
43 989 145518727260
43 1032 263601850682
43 1075 217261674083
43 1118 180403516008
43 1161 139217284206
43 1204 140910055300
47 47 5988829291716
47 94 1497207322929
47 141 998138215286
47 188 748603661464
47 235 598882929171
47 282 332712738428
47 329 427773520836
47 376 374301830732
47 423 332712738428
47 470 371210224415
47 517 272219513259
47 564 166356369214
47 611 317400481133
47 658 187481720784
47 705 304200592017
47 752 187150915366
47 799 198587311577
47 846 131160204024
47 893 164969022595
47 940 304366811875
47 987 251126893903
47 1034 103074226759
47 1081 178939513361
47 1128 237044012707
47 1175 119776585834
47 1222 238825363596
53 53 5310848617182
53 106 1327712154295
53 159 885141436197
53 212 663856077147
53 265 531084861718
53 318 295047145399
53 371 379346329798
53 424 331928038573
53 477 295047145399
53 530 205314400823
53 583 241402209871
53 636 147523572699
53 689 204263408353
53 742 143044067333
53 795 118018858159
53 848 165964019286
53 901 156201429917
53 954 114944339200
53 1007 153902230928
53 1060 105109434353
53 1113 84299184399
53 1166 80467403290
53 1219 354659948835
59 59 4770762317129
59 118 1192690579282
59 177 795127052854
59 236 596345289641
59 295 477076231712
59 354 397993262943
59 413 340768736937
59 472 464808288401
59 531 272437169427
59 590 367890888550
59 649 327575283523
59 708 195751169127
59 767 190885676827
59 826 299851526076
59 885 311591471464
59 944 176739339937
59 1003 258710046446
59 1062 267226656588
59 1121 119873541720
59 1180 155427271273
59 1239 225574273655
61 61 4614343880502
61 122 1153585970125
61 183 769057313417
61 244 576792985062
61 305 461434388050
61 366 306505072545
61 427 367412568201
61 488 288396492531
61 549 281428755175
61 610 466862918948
61 671 209742903659
61 732 203809372376
61 793 177474764634
61 854 160017965228
61 915 301929292125
61 976 182014823002
61 1037 199395845582
61 1098 263458499905
61 1159 113232079812
61 1220 229390305446
67 67 4201119055382
67 134 1050279763845
67 201 700186509230
67 268 525139881922
67 335 420111905538
67 402 233395503076
67 469 300079932527
67 536 262569940961
67 603 475237284517
67 670 174157909402
67 737 273605018198
67 804 141188254474
67 871 178641805908
67 938 100026644175
67 1005 117848704166
67 1072 202036639711
67 1139 141981282449
67 1206 102289003961
71 71 3964436291699
71 142 991109072924
71 213 660739381949
71 284 495554536462
71 355 396443629169
71 426 258314710577
71 497 283174020835
71 568 247777268231
71 639 220246460649
71 710 225449616593
71 781 199235774586
71 852 203424970528
71 923 152478318911
71 994 187693080482
71 1065 278572662331
71 1136 142922759079
71 1207 314090602878
73 73 3855821598776
73 146 963955399694
73 219 642636933129
73 292 796524949647
73 365 400496715189
73 438 479759975645
73 511 346525993974
73 584 312099015413
73 657 371644351105
73 730 245839085743
73 803 288820012149
73 876 318257389605
73 949 163215386034
73 1022 91805276161
73 1095 232825734159
73 1168 120494424961
73 1241 135499647935
79 79 3562974388742
79 158 890743597185
79 237 593829064790
79 316 490338848886
79 395 356297438874
79 474 241713558970
79 553 377140952953
79 632 367586341272
79 711 320585803925
79 790 358563442408
79 869 248233188636
79 948 296252945956
79 1027 280477197725
79 1106 215814676851
79 1185 212881846600
83 83 3391264779646
83 166 847816194911
83 249 565210796607
83 332 423908097455
83 415 422157491194
83 498 356450998465
83 581 326256898344
83 664 211954048727
83 747 272427298667
83 830 349584619314
83 913 154148399074
83 996 260263825894
83 1079 329741386669
83 1162 267992329154
89 89 3162640187760
89 178 790660046940
89 267 527106697960
89 356 395330023470
89 445 316264018776
89 534 175702232653
89 623 475778754789
89 712 208700138539
89 801 186737359457
89 890 359889203095
89 979 143756372170
89 1068 109921369934
89 1157 121640007221
97 97 2901803883615
97 194 725450970903
97 291 483633980602
97 388 362725485451
97 485 290180388361
97 582 161211326867
97 679 207271705972
97 776 181362742725
97 873 161211326867
97 970 96726796120
97 1067 131900176527
97 1164 280146468513
101 101 2786880957531
101 202 696720239382
101 303 524740302536
101 404 382022269794
101 505 349740357720
101 606 474315030073
101 707 292985218588
101 808 245232321812
101 909 225878981829
101 1010 92896031917
101 1111 343345021737
101 1212 144737660137
103 103 2732766764181
103 206 683191691045
103 309 700675188013
103 412 463851994913
103 515 550598195007
103 618 188955393297
103 721 393942924030
103 824 189365431516
103 927 306411579040
103 1030 128227242982
103 1133 142784179854
103 1236 232527495415
107 107 2630607258978
107 214 660259761665
107 321 438434543163
107 428 328825907372
107 535 265668672818
107 642 355058340257
107 749 389893397395
107 856 268869699954
107 963 306556286863
107 1070 87686908632
107 1177 223034632152
109 109 2582339235877
109 218 741117132969
109 327 862653709130
109 436 536486971882
109 545 431695830512
109 654 254062617936
109 763 239752466089
109 872 325925435990
109 981 183695951355
109 1090 267086597267
109 1199 222741515162
113 113 2490928997439
113 226 1102278049013
113 339 685042725776
113 452 311366124679
113 565 508716172597
113 678 414073385673
113 791 228833220037
113 904 206592782559
113 1017 293082405265
113 1130 261712562905
127 127 2216338399296
127 254 554084599824
127 381 486893791974
127 508 561332970142
127 635 454438486827
127 762 123129911072
127 889 275813944422
127 1016 256025208714
127 1143 273810033832
131 131 2148663944356
131 262 537165986089
131 393 358110657392
131 524 548592636851
131 655 214866394435
131 786 399197470100
131 917 153475996025
131 1048 283315216529
131 1179 119370219130
137 137 2054561873800
137 274 513640468450
137 411 379750789767
137 548 294144045026
137 685 242779998181
137 822 370182666873
137 959 332885078962
137 1096 269396119422
137 1233 247772264469
139 278 506249958112
139 417 337499972075
139 695 202499983245
139 1112 126562489528
149 298 472273450856
149 596 236136725428
149 745 188909380342
149 894 104949655745
149 1192 118068362714
173 173 1627022986766
173 346 406755746691
173 692 203377873345
173 1038 90390165931
173 1211 116215927626
